index,date,day_of_week,district,crime_count,mo,temp,dewp,slp,stp,visib,wdsp,mxpsd,gust,max,min,prcp,sndp,fog,rain_drizzle,snow_ice_pellets,hail,thunder,tornado_funnel_cloud
2022,2017-04-02,7,22.0,14,4,49.03333333333333,29.5,1020.85,998.0,10.0,4.733333333333333,9.566666666666668,19.0,59.43333333333334,37.6,0.0,0.0,0.0,0.0,0.0,0.0,0.0,0.0
2246,2016-04-11,1,22.0,15,4,48.56666666666666,39.333333333333336,1011.25,987.5666666666666,7.166666666666667,9.5,18.7,24.366666666666664,51.2,41.3,0.11,0.0,0.0,1.0,0.0,0.0,0.0,0.0
7238,2017-11-25,6,22.0,20,11,48.333333333333336,36.333333333333336,1008.6,985.6666666666666,10.0,10.466666666666669,18.366666666666667,26.03333333333333,56.9,38.36666666666667,0.0,0.0,0.0,0.0,0.0,0.0,0.0,0.0
4444,2017-07-21,5,22.0,23,7,79.7,69.60000000000001,1013.8,991.7000000000002,9.9,4.8,16.7,27.95,88.36666666666667,71.76666666666667,0.6633333333333333,0.0,0.0,1.0,0.0,0.0,1.0,0.0
1099,2016-02-19,5,22.0,25,2,48.53333333333333,35.1,1006.95,984.1666666666666,9.966666666666669,21.433333333333334,35.266666666666666,51.03333333333333,63.333333333333336,38.833333333333336,0.0,0.0,0.0,0.0,0.0,0.0,0.0,0.0
6193,2016-10-07,5,22.0,31,10,66.26666666666667,58.6,1016.8,994.2666666666668,9.866666666666667,8.733333333333333,15.7,20.966666666666665,73.13333333333334,57.06666666666666,0.2933333333333333,0.0,0.0,0.0,0.0,0.0,0.0,0.0
7221,2015-11-24,2,22.0,18,11,32.166666666666664,26.9,1025.1,1001.0,8.333333333333334,3.8333333333333335,9.666666666666666,,42.63333333333333,22.4,0.0,2.55,0.0,0.0,0.0,0.0,0.0,0.0
6204,2019-10-09,3,22.0,22,10,59.9,45.1,1020.5,997.6,10.0,5.666666666666667,10.666666666666666,15.9,71.13333333333334,48.66666666666666,0.0,0.0,0.0,0.0,0.0,0.0,0.0,0.0
3541,2017-06-10,6,22.0,24,6,75.06666666666666,54.13333333333333,1009.35,987.3666666666668,9.966666666666669,10.5,22.666666666666668,32.06666666666667,90.03333333333335,64.56666666666666,0.01,0.0,0.0,0.0,0.0,0.0,0.0,0.0
1297,2016-02-28,7,22.0,18,2,50.56666666666666,36.53333333333333,1003.05,980.6,9.966666666666669,15.5,23.066666666666663,33.666666666666664,62.3,43.53333333333333,0.0,0.0,0.0,1.0,0.0,0.0,0.0,0.0
2528,2017-04-25,2,22.0,17,4,64.23333333333333,46.03333333333333,1005.1,982.7,10.0,9.033333333333331,15.3,22.266666666666666,79.0,50.0,0.0,0.0,0.0,0.0,0.0,0.0,0.0,0.0
2178,2018-04-09,1,22.0,25,4,33.46666666666667,28.23333333333333,1020.65,996.5666666666666,5.7,5.5,9.966666666666669,,38.833333333333336,27.366666666666664,0.035,1.2,0.0,0.0,1.0,0.0,0.0,0.0
3699,2018-06-17,7,22.0,31,6,85.13333333333334,71.96666666666665,1013.85,992.1,10.0,8.366666666666667,16.033333333333335,21.3,93.9,73.89999999999999,0.0,0.0,0.0,0.0,0.0,0.0,0.0,0.0
5554,2016-09-08,4,22.0,20,9,76.46666666666665,70.86666666666666,1010.9,988.9,9.633333333333333,8.6,15.7,23.73333333333333,86.96666666666665,70.96666666666665,0.2366666666666666,0.0,0.0,1.0,0.0,0.0,0.0,0.0
1164,2015-02-22,7,22.0,11,2,23.6,12.666666666666666,1027.95,1002.0333333333332,8.9,7.7,13.666666666666666,17.5,31.76666666666667,13.333333333333334,0.0,4.1,0.0,0.0,0.0,0.0,0.0,0.0
371,2019-01-17,4,22.0,17,1,30.566666666666663,24.9,1021.6,997.1666666666666,7.566666666666666,4.666666666666667,9.333333333333334,,34.96666666666667,28.133333333333336,0.0,1.2,0.0,0.0,1.0,0.0,0.0,0.0
1691,2019-03-18,1,22.0,10,3,35.0,24.23333333333333,1027.75,3.766666666666667,9.6,5.166666666666667,12.333333333333334,17.6,44.03333333333333,26.9,0.0,0.0,0.0,0.0,0.0,0.0,0.0,0.0
6644,2019-10-29,2,22.0,23,10,41.66666666666666,38.46666666666667,1021.1,996.7333333333332,7.066666666666666,6.133333333333333,14.4,22.0,48.13333333333333,36.56666666666667,0.0966666666666666,0.0,0.0,1.0,0.0,0.0,0.0,0.0
7399,2018-12-02,7,22.0,15,12,43.1,40.06666666666667,994.6,971.7333333333332,7.166666666666667,7.366666666666667,15.666666666666666,22.0,47.2,37.63333333333333,0.7466666666666666,3.1,0.0,1.0,0.0,0.0,1.0,0.0
6776,2019-11-04,1,22.0,21,11,47.833333333333336,35.333333333333336,1013.85,990.8,10.0,9.7,13.666666666666666,21.96666666666667,53.333333333333336,38.56666666666667,0.0,0.0,0.0,1.0,0.0,0.0,0.0,0.0
1759,2018-03-21,3,22.0,34,3,33.36666666666667,21.566666666666663,1017.3,992.9333333333334,10.0,11.966666666666669,16.400000000000002,23.7,38.93333333333333,29.566666666666663,0.0,0.0,0.0,0.0,0.0,0.0,0.0,0.0
1386,2016-03-03,4,22.0,15,3,30.433333333333334,23.83333333333333,1019.3,995.1666666666666,5.433333333333334,6.166666666666667,9.966666666666669,,32.96666666666667,27.933333333333334,0.0333333333333333,1.2,0.0,0.0,1.0,0.0,0.0,0.0
5967,2015-09-28,1,22.0,25,9,70.43333333333334,63.26666666666667,1015.4,993.0333333333332,10.0,4.166666666666667,7.966666666666666,,78.7,63.20000000000001,0.0,0.0,0.0,0.0,0.0,0.0,0.0,0.0
7602,2016-12-10,6,22.0,15,12,20.933333333333334,13.466666666666669,1033.9,1008.65,9.466666666666669,6.6000000000000005,9.9,,24.8,18.2,0.0,0.0,0.0,0.0,1.0,0.0,0.0,0.0
5131,2018-08-21,2,22.0,18,8,71.96666666666665,66.86666666666667,1009.15,986.6333333333332,8.466666666666667,6.9,19.03333333333333,28.066666666666663,77.86666666666666,68.06666666666666,1.0266666666666666,0.0,0.0,1.0,0.0,0.0,1.0,0.0
1142,2015-02-21,6,22.0,15,2,22.0,12.966666666666669,1015.5,991.2333333333332,9.2,5.833333333333333,16.633333333333333,21.3,31.03333333333333,16.7,0.0033333333333333,4.1,0.0,0.0,0.0,0.0,0.0,0.0
1474,2016-03-07,1,22.0,24,3,51.03333333333333,39.333333333333336,1012.45,989.6,10.0,11.7,18.0,23.0,61.43333333333334,41.46666666666667,0.0,0.0,0.0,1.0,0.0,0.0,0.0,0.0
988,2018-02-14,3,22.0,27,2,31.866666666666664,27.0,1021.25,997.2333333333332,6.933333333333334,7.033333333333334,12.666666666666666,19.0,43.46666666666667,23.53333333333333,0.0,5.9,0.0,1.0,0.0,0.0,0.0,0.0
1978,2015-03-31,2,22.0,25,3,49.0,34.733333333333334,1010.8,987.9,9.366666666666667,8.5,16.333333333333332,27.4,62.23333333333333,34.333333333333336,0.0,0.0,0.0,0.0,0.0,0.0,0.0,0.0
3209,2019-05-26,7,22.0,21,5,70.2,60.1,1015.15,992.8666666666668,10.0,5.4,12.366666666666667,17.95,81.43333333333334,63.03333333333333,0.0,0.0,0.0,1.0,0.0,0.0,0.0,0.0
7201,2018-11-23,5,22.0,21,11,39.53333333333333,32.2,1017.65,994.1333333333332,8.133333333333333,9.8,17.1,27.33333333333333,50.73333333333333,32.53333333333333,0.0,0.0,0.0,1.0,0.0,0.0,0.0,0.0
3652,2015-06-15,1,22.0,32,6,75.2,70.3,1012.75,990.5333333333332,8.633333333333333,5.533333333333334,14.3,16.55,83.7,69.26666666666667,0.59,0.0,1.0,1.0,0.0,0.0,1.0,0.0
4708,2017-08-02,3,22.0,24,8,75.8,63.3,1015.65,993.4333333333334,9.566666666666666,4.966666666666667,10.366666666666667,,86.13333333333333,65.46666666666667,0.3066666666666667,0.0,0.0,0.0,0.0,0.0,0.0,0.0
3415,2016-06-03,5,22.0,28,6,70.56666666666666,52.53333333333333,1016.7,994.2333333333332,10.0,3.4333333333333336,8.6,,83.33333333333333,57.03333333333333,0.0,0.0,0.0,0.0,0.0,0.0,0.0,0.0
2837,2015-05-09,6,22.0,23,5,59.26666666666667,55.833333333333336,1016.6,993.6333333333332,6.033333333333334,6.333333333333333,13.966666666666669,19.05,71.26666666666667,50.06666666666666,0.6966666666666667,0.0,0.0,1.0,0.0,0.0,0.0,0.0
3393,2016-06-02,4,22.0,21,6,70.7,54.333333333333336,1015.05,992.6666666666666,9.933333333333334,5.3,11.0,17.666666666666668,79.3,57.93333333333334,0.1399999999999999,0.0,0.0,0.0,0.0,0.0,0.0,0.0
4753,2015-08-04,2,22.0,21,8,72.53333333333335,53.26666666666667,1013.0,990.7,10.0,5.833333333333333,14.0,18.4,82.93333333333334,60.36666666666667,0.0,0.0,0.0,0.0,0.0,0.0,0.0,0.0
2820,2016-05-07,6,22.0,11,5,63.9,42.4,1007.75,985.3666666666668,9.966666666666669,11.433333333333332,22.96666666666667,32.733333333333334,80.5,48.93333333333334,0.005,0.0,0.0,1.0,0.0,0.0,0.0,0.0
261,2019-01-12,6,22.0,17,1,29.866666666666664,24.23333333333333,1027.3,3.1333333333333333,6.3,7.033333333333334,12.633333333333333,19.3,31.03333333333333,25.03333333333333,0.0066666666666666,2.55,1.0,0.0,1.0,0.0,0.0,0.0
4165,2016-07-07,4,22.0,26,7,77.16666666666667,68.39999999999999,1008.8,986.9333333333334,9.9,5.7,12.066666666666668,17.6,85.26666666666667,68.3,0.125,0.0,0.0,1.0,0.0,0.0,0.0,0.0
7840,2018-12-22,6,22.0,27,12,30.766666666666666,24.566666666666663,1012.2,988.7,9.966666666666669,6.433333333333334,10.7,18.1,35.46666666666667,29.1,0.03,0.0,0.0,0.0,0.0,0.0,0.0,0.0
3525,2016-06-08,3,22.0,28,6,60.26666666666667,47.833333333333336,1014.45,991.7333333333332,9.966666666666669,5.733333333333333,10.6,14.5,69.8,50.66666666666666,0.0,0.0,0.0,0.0,0.0,0.0,0.0,0.0
6540,2018-10-24,3,22.0,23,10,42.63333333333333,34.166666666666664,1029.2,1005.6,10.0,3.0,7.333333333333333,,52.23333333333333,34.43333333333333,0.0,0.0,0.0,0.0,0.0,0.0,0.0,0.0
3366,2018-06-02,6,22.0,28,6,59.46666666666667,52.9,1014.1,991.3333333333334,9.766666666666667,8.1,14.0,18.0,74.53333333333335,51.63333333333333,0.0,0.0,0.0,0.0,0.0,0.0,0.0,0.0
3319,2019-05-31,5,22.0,31,5,70.03333333333335,58.26666666666667,1009.8,987.5666666666666,10.0,5.433333333333334,13.7,19.633333333333333,81.5,59.5,0.0,0.0,0.0,0.0,0.0,0.0,0.0,0.0
5192,2017-08-24,4,22.0,15,8,65.93333333333334,54.833333333333336,1017.75,995.1333333333332,9.9,5.933333333333334,15.033333333333331,20.0,76.56666666666666,57.7,0.0333333333333333,0.0,0.0,0.0,0.0,0.0,0.0,0.0
1296,2017-02-28,2,22.0,22,2,50.93333333333334,45.3,1011.45,988.4,8.866666666666665,11.6,16.733333333333334,23.3,59.06666666666666,45.5,0.0566666666666666,0.0,0.0,1.0,0.0,0.0,1.0,0.0
6336,2019-10-15,2,22.0,36,10,50.26666666666667,41.3,1013.75,989.7,9.733333333333333,6.633333333333333,15.366666666666667,24.366666666666664,65.06666666666666,40.16666666666666,0.0,0.0,0.0,1.0,0.0,0.0,0.0,0.0
5813,2015-09-21,1,22.0,23,9,62.1,49.3,1020.2,997.4,9.833333333333334,4.033333333333333,9.0,,73.13333333333334,50.26666666666667,0.0,0.0,0.0,0.0,0.0,0.0,0.0,0.0
1032,2018-02-16,5,22.0,22,2,35.733333333333334,26.83333333333333,1018.35,994.2333333333332,9.466666666666669,8.733333333333333,14.7,20.03333333333333,44.86666666666667,29.166666666666668,0.0,2.55,0.0,0.0,0.0,0.0,0.0,0.0
1605,2018-03-14,3,22.0,28,3,30.433333333333334,15.833333333333334,1019.65,995.6333333333332,10.0,9.066666666666668,18.1,24.3,46.93333333333334,19.8,0.0733333333333333,1.2,0.0,0.0,0.0,0.0,0.0,0.0
372,2016-01-17,7,22.0,18,1,9.633333333333333,-1.8,1018.15,993.5666666666666,9.866666666666667,13.066666666666668,18.7,25.73333333333333,26.9,2.6,0.0,0.0,0.0,0.0,0.0,0.0,0.0,0.0
7524,2017-12-08,5,22.0,17,12,24.266666666666666,10.066666666666666,1017.5,993.4333333333334,10.0,9.733333333333334,17.033333333333335,21.7,36.53333333333333,16.233333333333334,0.0,0.0,0.0,0.0,0.0,0.0,0.0,0.0
2508,2018-04-24,2,22.0,29,4,53.63333333333333,41.7,1017.5,994.5333333333332,9.8,5.866666666666667,11.966666666666669,14.0,63.16666666666666,45.13333333333333,0.0,0.0,0.0,1.0,0.0,0.0,0.0,0.0
2511,2016-04-23,6,22.0,25,4,48.0,38.333333333333336,1021.4,997.9333333333334,10.0,6.3,12.333333333333334,16.05,60.16666666666666,39.66666666666666,0.0,0.0,0.0,0.0,0.0,0.0,0.0,0.0
2021,2019-04-02,2,22.0,33,4,44.4,30.9,1017.05,993.8333333333334,9.9,12.066666666666668,20.03333333333333,28.3,56.23333333333333,33.233333333333334,0.0,0.0,0.0,0.0,0.0,0.0,0.0,0.0
5990,2018-09-29,6,22.0,27,9,50.333333333333336,38.93333333333334,1026.5,1003.0333333333332,10.0,4.166666666666667,7.966666666666666,,60.03333333333333,41.13333333333333,0.06,0.0,0.0,0.0,0.0,0.0,0.0,0.0
7994,2018-12-29,6,22.0,21,12,29.066666666666663,26.366666666666664,1024.0,999.4,6.7,7.333333333333333,16.333333333333332,22.33333333333333,30.666666666666668,27.2,0.025,0.0,0.0,0.0,1.0,0.0,0.0,0.0
1516,2017-03-10,5,22.0,19,3,31.7,10.2,1027.1,1002.9,10.0,10.866666666666667,17.033333333333335,24.666666666666668,38.23333333333333,26.4,0.0,0.0,0.0,0.0,0.0,0.0,0.0,0.0
4423,2015-07-20,1,22.0,17,7,75.03333333333333,61.3,1009.55,987.5666666666666,9.833333333333334,5.0,12.033333333333331,18.1,86.66666666666667,63.7,0.0,0.0,0.0,0.0,0.0,0.0,0.0,0.0
3388,2015-06-03,3,22.0,24,6,62.66666666666666,48.9,1017.55,994.9333333333334,9.966666666666669,5.3,9.566666666666668,15.55,77.2,42.16666666666666,0.0,0.0,0.0,0.0,0.0,0.0,0.0,0.0
6039,2016-09-30,5,22.0,20,9,62.2,58.93333333333334,1020.15,997.4666666666668,8.566666666666666,10.866666666666667,15.366666666666667,22.03333333333333,65.10000000000001,59.73333333333333,0.4233333333333333,0.0,0.0,1.0,0.0,0.0,0.0,0.0
85,2015-01-04,7,22.0,12,1,30.266666666666666,27.9,1012.95,988.5333333333332,2.733333333333333,8.4,18.366666666666667,25.3,35.36666666666667,15.033333333333331,0.4933333333333333,2.0,1.0,1.0,1.0,0.0,0.0,0.0
4951,2015-08-13,4,22.0,29,8,73.26666666666667,59.833333333333336,1018.5,996.2333333333332,10.0,7.033333333333334,15.033333333333331,20.0,85.16666666666667,61.46666666666667,0.0,0.0,0.0,0.0,0.0,0.0,0.0,0.0
2379,2016-04-17,7,22.0,21,4,63.2,39.63333333333333,1027.45,1004.3333333333334,10.0,4.8,13.0,14.0,79.36666666666666,46.46666666666667,0.0,0.0,0.0,0.0,0.0,0.0,0.0,0.0
1253,2016-02-26,5,22.0,36,2,31.76666666666667,16.133333333333333,1023.4,999.3333333333334,10.0,8.766666666666667,17.066666666666666,24.7,35.36666666666667,26.53333333333333,0.0,0.0,0.0,0.0,0.0,0.0,0.0,0.0
306,2017-01-14,6,22.0,27,1,28.96666666666667,20.433333333333334,1034.7,1010.5333333333332,9.966666666666669,4.4,9.0,22.0,34.2,23.066666666666663,0.0,0.0,0.0,0.0,0.0,0.0,0.0,0.0
2044,2017-04-03,1,22.0,22,4,50.56666666666666,42.56666666666667,1006.85,980.9666666666668,8.533333333333333,5.566666666666666,10.666666666666666,15.9,57.1,46.03333333333333,0.1466666666666667,0.0,0.0,1.0,0.0,0.0,0.0,0.0
6754,2017-11-03,5,22.0,21,11,45.7,39.43333333333333,1024.15,1000.0,9.4,8.533333333333333,13.0,17.6,50.2,40.333333333333336,0.03,0.0,0.0,0.0,0.0,0.0,0.0,0.0
5598,2016-09-10,6,22.0,24,9,69.26666666666667,62.0,1011.1,988.4,9.333333333333334,7.566666666666666,17.666666666666668,25.100000000000005,75.73333333333333,65.2,0.0633333333333333,0.0,0.0,1.0,0.0,0.0,0.0,0.0
4353,2019-07-17,3,22.0,26,7,80.13333333333333,72.13333333333334,1011.35,989.4,9.2,3.266666666666666,9.3,35.9,90.6,71.89999999999999,0.1266666666666666,0.0,0.0,1.0,0.0,0.0,1.0,0.0
8038,2018-12-31,1,22.0,28,12,35.2,32.166666666666664,1013.3,986.6,6.5,7.066666666666666,15.966666666666669,22.33333333333333,40.03333333333333,27.366666666666664,0.1633333333333333,0.0,0.0,1.0,0.0,0.0,0.0,0.0
3878,2016-06-24,5,22.0,25,6,71.96666666666667,57.8,1016.35,993.8,10.0,6.633333333333333,10.266666666666667,15.0,82.3,64.3,0.0,0.0,0.0,0.0,0.0,0.0,0.0,0.0
6568,2016-10-24,1,22.0,18,10,54.0,42.266666666666666,1024.65,1000.9333333333334,10.0,8.366666666666667,14.366666666666667,22.666666666666668,68.10000000000001,44.63333333333333,0.0,0.0,0.0,0.0,0.0,0.0,0.0,0.0
4357,2015-07-17,5,22.0,21,7,78.63333333333333,70.46666666666667,1007.7,986.0,8.299999999999999,7.7,12.7,19.7,91.93333333333334,63.73333333333333,0.6766666666666667,0.0,0.0,1.0,0.0,0.0,1.0,0.0
7128,2017-11-20,1,22.0,30,11,37.9,26.433333333333334,1014.65,991.2333333333332,10.0,12.1,20.0,27.633333333333336,52.43333333333334,29.23333333333333,0.0,0.0,0.0,0.0,0.0,0.0,0.0,0.0
4709,2015-08-02,7,22.0,39,8,80.10000000000001,64.7,1009.1,987.4333333333334,9.9,11.466666666666669,21.3,34.96666666666667,92.9,63.6,0.0,0.0,0.0,0.0,0.0,0.0,1.0,0.0
4783,2016-08-04,4,22.0,20,8,81.0,65.60000000000001,1014.05,992.0333333333332,9.766666666666667,4.166666666666667,9.666666666666666,,90.6,70.26666666666667,0.0,0.0,0.0,0.0,0.0,0.0,0.0,0.0
7950,2018-12-27,4,22.0,19,12,42.5,35.266666666666666,1016.65,993.2,8.866666666666667,13.566666666666668,20.33333333333333,31.96666666666667,50.36666666666667,34.8,0.1566666666666666,0.0,0.0,1.0,0.0,0.0,0.0,0.0
195,2019-01-09,3,22.0,25,1,24.1,12.1,1022.0,997.8666666666668,9.866666666666667,13.8,21.33333333333333,34.63333333333333,41.73333333333333,19.4,0.0,0.0,0.0,0.0,1.0,0.0,0.0,0.0
5840,2016-09-21,3,22.0,25,9,71.36666666666666,62.36666666666667,1019.8,997.9,9.833333333333334,6.1000000000000005,17.666666666666668,23.7,80.53333333333333,66.13333333333334,0.0,0.0,0.0,1.0,0.0,0.0,1.0,0.0
7837,2015-12-22,2,22.0,16,12,40.63333333333333,37.7,1010.15,986.5666666666666,5.8,6.3,12.333333333333334,15.9,53.2,36.03333333333333,0.2566666666666666,0.0,0.0,1.0,0.0,0.0,0.0,0.0
4335,2015-07-16,4,22.0,29,7,67.10000000000001,56.6,1015.3,992.7,9.7,5.966666666666666,14.633333333333333,20.633333333333333,76.86666666666666,59.833333333333336,0.0133333333333333,0.0,0.0,1.0,0.0,0.0,0.0,0.0
4381,2018-07-18,3,22.0,27,7,71.33333333333333,55.53333333333333,1018.95,996.4666666666668,10.0,6.833333333333333,11.4,16.0,78.76666666666667,61.23333333333333,0.0,0.0,0.0,0.0,0.0,0.0,0.0,0.0
6644,2017-10-29,7,22.0,21,10,39.4,28.23333333333333,1012.3,988.7333333333332,10.0,6.566666666666666,11.633333333333333,,45.96666666666667,31.600000000000005,0.0033333333333333,0.0,0.0,0.0,0.0,0.0,0.0,0.0
218,2016-01-10,7,22.0,23,1,20.566666666666663,15.1,1012.9,988.0333333333332,8.633333333333333,14.5,19.366666666666667,27.33333333333333,35.46666666666667,7.133333333333333,0.27,1.2,0.0,0.0,1.0,0.0,0.0,0.0
6761,2018-11-03,6,22.0,32,11,41.8,32.53333333333333,1017.8,994.3,10.0,3.6,8.933333333333334,,49.4,32.300000000000004,0.0,0.0,0.0,0.0,0.0,0.0,0.0,0.0
6386,2018-10-17,3,22.0,20,10,47.06666666666666,30.96666666666667,1022.55,999.2666666666668,10.0,9.433333333333334,15.033333333333331,22.666666666666668,54.93333333333334,39.03333333333333,0.0,0.0,0.0,0.0,0.0,0.0,0.0,0.0
3102,2015-05-21,4,22.0,29,5,52.2,37.63333333333333,1019.15,995.9666666666668,10.0,6.699999999999999,13.666666666666666,20.0,68.60000000000001,40.833333333333336,0.0233333333333333,0.0,0.0,1.0,0.0,0.0,0.0,0.0
2420,2018-04-20,5,22.0,27,4,45.0,23.9,1031.95,1008.2333333333332,10.0,3.8333333333333335,11.633333333333333,,60.03333333333333,30.03333333333333,0.0133333333333333,0.0,0.0,0.0,0.0,0.0,0.0,0.0
7041,2019-11-16,6,22.0,28,11,32.63333333333333,27.0,1029.65,5.466666666666666,7.966666666666666,3.9333333333333336,9.633333333333333,,41.73333333333333,23.866666666666664,0.0,1.2,0.0,0.0,0.0,0.0,0.0,0.0
4752,2017-08-04,5,22.0,34,8,62.6,54.46666666666667,1010.9,988.5333333333332,9.866666666666667,12.2,20.4,27.73333333333333,77.16666666666667,55.5,0.5933333333333334,0.0,0.0,1.0,0.0,0.0,1.0,0.0
4269,2015-07-13,1,22.0,19,7,76.03333333333335,67.26666666666667,1007.5,985.9,9.866666666666667,8.5,22.933333333333334,31.666666666666668,86.43333333333334,67.63333333333333,0.2166666666666666,0.0,0.0,1.0,0.0,0.0,1.0,0.0
7734,2016-12-16,5,22.0,18,12,12.766666666666666,3.5,1025.5,999.8666666666668,9.4,7.0,13.0,18.1,19.966666666666665,3.766666666666667,0.0,3.5,0.0,0.0,1.0,0.0,0.0,0.0
394,2017-01-18,3,22.0,35,1,34.300000000000004,33.06666666666666,1018.9,995.0,5.033333333333333,9.266666666666666,13.666666666666666,19.666666666666668,37.53333333333333,32.800000000000004,0.3033333333333333,0.0,0.0,1.0,0.0,0.0,0.0,0.0
747,2016-02-03,3,22.0,20,2,36.53333333333333,33.93333333333333,1002.0,978.4333333333334,5.6000000000000005,9.866666666666667,19.366666666666667,27.0,39.13333333333333,31.866666666666664,0.6033333333333334,0.0,1.0,1.0,1.0,0.0,1.0,0.0
1824,2017-03-24,5,22.0,24,3,58.333333333333336,41.4,1014.2,991.4333333333334,10.0,12.5,23.633333333333336,33.266666666666666,81.3,39.3,0.01,0.0,0.0,1.0,0.0,0.0,1.0,0.0
284,2018-01-13,6,22.0,22,1,14.066666666666668,1.4,1034.15,1008.7666666666668,9.066666666666668,11.366666666666667,20.666666666666668,28.6,23.1,7.3,0.0,0.0,0.0,0.0,1.0,0.0,0.0,0.0
4157,2017-07-08,6,22.0,15,7,70.43333333333334,55.36666666666667,1014.8,992.4666666666668,10.0,6.333333333333333,14.733333333333334,20.4,80.8,62.23333333333333,0.0,0.0,0.0,0.0,0.0,0.0,0.0,0.0
2574,2018-04-27,5,22.0,31,4,51.63333333333333,31.933333333333334,1009.1,986.3666666666668,10.0,9.1,19.066666666666663,25.633333333333336,62.76666666666667,40.36666666666667,0.0,0.0,0.0,1.0,0.0,0.0,0.0,0.0
7151,2019-11-21,4,22.0,23,11,46.66666666666666,42.3,1012.6,992.0666666666666,8.799999999999999,13.1,23.33333333333333,36.333333333333336,54.96666666666667,40.1,0.15,0.0,0.0,1.0,0.0,0.0,0.0,0.0
1450,2017-03-07,2,22.0,21,3,54.66666666666666,41.96666666666667,1008.3,984.9,9.666666666666666,19.83333333333333,28.7,42.66666666666666,63.833333333333336,44.43333333333334,0.2166666666666666,0.0,0.0,1.0,0.0,0.0,1.0,0.0
1784,2016-03-21,1,22.0,27,3,38.53333333333333,23.433333333333334,1021.1,997.4333333333334,10.0,4.633333333333334,10.666666666666666,18.1,49.56666666666666,28.866666666666664,0.0,0.0,0.0,0.0,0.0,0.0,0.0,0.0
6480,2016-10-20,4,22.0,12,10,56.1,49.26666666666667,1019.6,996.4333333333334,10.0,8.6,16.400000000000002,21.96666666666667,64.83333333333333,51.5,0.01,0.0,0.0,1.0,0.0,0.0,0.0,0.0
2727,2015-05-04,1,22.0,42,5,66.2,53.73333333333333,1015.8,993.3,9.866666666666667,8.133333333333333,14.966666666666669,22.03333333333333,80.39999999999999,55.63333333333333,0.21,0.0,0.0,1.0,0.0,0.0,1.0,0.0
393,2015-01-18,7,22.0,28,1,37.43333333333333,30.46666666666667,1008.1,984.4,9.966666666666669,11.033333333333331,15.266666666666666,21.33333333333333,42.333333333333336,27.866666666666664,0.0,1.2,0.0,0.0,0.0,0.0,0.0,0.0
1603,2019-03-14,4,22.0,24,3,55.73333333333333,48.9,999.6,976.5,9.3,15.066666666666668,27.633333333333336,42.03333333333333,63.63333333333333,43.96666666666667,0.27,0.0,0.0,1.0,0.0,0.0,1.0,0.0
2068,2018-04-04,3,22.0,26,4,32.4,25.0,1015.05,989.6666666666666,7.8,14.166666666666666,20.666666666666668,31.03333333333333,37.8,26.7,0.14,0.0,0.0,1.0,1.0,0.0,0.0,0.0
6116,2017-10-05,4,22.0,28,10,65.33333333333333,51.76666666666667,1021.9,999.1,10.0,3.4333333333333336,8.6,,76.56666666666666,54.93333333333334,0.03,0.0,0.0,0.0,0.0,0.0,0.0,0.0
4771,2019-08-05,1,22.0,17,8,78.3,64.5,1014.0,991.8666666666668,10.0,4.633333333333334,13.333333333333334,20.03333333333333,90.03333333333335,68.2,0.0,0.0,0.0,0.0,0.0,0.0,0.0,0.0
3828,2015-06-23,2,22.0,26,6,75.83333333333333,60.13333333333333,1013.05,990.7333333333332,10.0,8.6,17.333333333333332,23.3,84.0,67.26666666666667,0.0433333333333333,0.0,0.0,0.0,0.0,0.0,0.0,0.0
636,2015-01-29,4,22.0,22,1,34.43333333333333,25.7,1012.45,988.5333333333332,9.3,11.9,18.4,25.066666666666663,36.86666666666667,19.933333333333334,0.02,1.2,0.0,1.0,1.0,0.0,0.0,0.0
2136,2016-04-06,3,22.0,28,4,45.23333333333333,36.43333333333334,1008.7,984.2666666666668,8.666666666666666,11.1,17.3,22.366666666666664,49.63333333333333,41.66666666666666,0.1533333333333333,0.0,0.0,1.0,0.0,0.0,1.0,0.0
6358,2019-10-16,3,22.0,24,10,49.16666666666666,37.86666666666667,1011.25,988.1333333333332,10.0,12.5,20.33333333333333,30.3,61.8,43.93333333333334,0.0033333333333333,0.0,0.0,0.0,0.0,0.0,0.0,0.0
6231,2015-10-10,6,22.0,27,10,53.6,42.86666666666667,1022.0,998.9333333333334,9.8,4.2,11.1,14.0,65.83333333333333,41.5,0.0,0.0,0.0,0.0,0.0,0.0,0.0,0.0
4312,2017-07-15,6,22.0,28,7,69.5,58.3,1019.75,997.1666666666666,9.933333333333334,4.033333333333334,9.633333333333333,14.95,80.96666666666667,58.96666666666667,0.0,0.0,0.0,0.0,0.0,0.0,0.0,0.0
3520,2015-06-09,2,22.0,26,6,69.56666666666666,56.53333333333333,1008.15,985.9,9.166666666666666,5.566666666666666,13.633333333333333,18.666666666666668,84.96666666666667,58.7,0.0966666666666666,0.0,0.0,1.0,0.0,0.0,1.0,0.0
6886,2019-11-09,6,22.0,16,11,33.666666666666664,18.03333333333333,1019.0,995.1666666666666,10.0,9.4,15.7,21.633333333333336,47.1,22.46666666666667,0.0,0.0,0.0,0.0,0.0,0.0,0.0,0.0
5374,2018-09-01,6,22.0,38,9,76.10000000000001,69.46666666666667,1014.7,992.9333333333334,9.633333333333333,8.766666666666667,20.33333333333333,27.666666666666668,85.89999999999999,67.46666666666667,0.4033333333333333,0.0,0.0,1.0,0.0,0.0,1.0,0.0
7333,2018-11-29,4,22.0,15,11,30.33333333333333,23.666666666666668,1014.0,990.7,8.633333333333335,5.5,8.9,,37.43333333333333,23.4,0.025,3.55,0.0,0.0,1.0,0.0,0.0,0.0
7722,2017-12-17,7,22.0,21,12,35.7,30.566666666666663,1017.6,993.9333333333334,8.766666666666666,3.1666666666666665,8.700000000000001,14.0,47.03333333333333,27.5,0.0,0.0,0.0,0.0,0.0,0.0,0.0,0.0
658,2015-01-30,5,22.0,25,1,28.666666666666668,13.833333333333334,1030.4,1005.7666666666668,9.9,8.6,16.633333333333336,24.6,36.86666666666667,21.666666666666668,0.005,1.2,0.0,0.0,1.0,0.0,0.0,0.0
6986,2016-11-12,6,22.0,30,11,43.2,31.9,1030.4499999999998,1006.8333333333334,10.0,6.533333333333334,12.666666666666666,19.3,51.93333333333334,31.933333333333334,0.0,0.0,0.0,0.0,0.0,0.0,0.0,0.0
3078,2017-05-20,6,22.0,18,5,52.76666666666667,48.4,1018.05,994.5666666666666,8.733333333333334,10.133333333333333,14.966666666666669,20.33333333333333,66.8,45.36666666666667,0.2466666666666666,0.0,0.0,1.0,0.0,0.0,1.0,0.0
1274,2017-02-27,1,22.0,21,2,40.93333333333333,28.433333333333334,1019.55,996.0666666666666,10.0,6.833333333333333,14.633333333333333,20.366666666666667,54.03333333333333,26.9,0.0,0.0,0.0,0.0,0.0,0.0,0.0,0.0
7954,2016-12-26,1,22.0,29,12,45.93333333333334,41.0,1013.55,991.4,6.1000000000000005,14.333333333333334,22.7,33.36666666666667,54.03333333333333,33.7,0.26,1.2,0.0,1.0,0.0,0.0,0.0,0.0
6363,2015-10-16,5,22.0,28,10,49.9,29.566666666666663,1022.85,999.5,9.966666666666669,8.433333333333334,16.333333333333332,22.899999999999995,69.76666666666667,41.5,0.0,0.0,0.0,0.0,0.0,0.0,0.0,0.0
900,2017-02-10,5,22.0,23,2,25.3,14.7,1018.9,994.7333333333332,10.0,11.7,23.3,31.03333333333333,40.1,14.833333333333334,0.0,0.0,0.0,0.0,0.0,0.0,0.0,0.0
2970,2018-05-15,2,22.0,26,5,63.1,58.86666666666667,1012.65,989.7666666666668,7.433333333333334,7.366666666666667,17.366666666666667,24.33333333333333,72.43333333333334,55.53333333333333,1.0233333333333334,0.0,0.0,1.0,0.0,0.0,1.0,0.0
7906,2018-12-25,2,22.0,22,12,34.06666666666667,26.166666666666668,1025.1,1001.1333333333332,9.933333333333334,4.066666666666666,8.299999999999999,,46.26666666666667,25.933333333333334,0.005,0.0,0.0,0.0,0.0,0.0,0.0,0.0
7862,2018-12-23,7,22.0,15,12,33.6,26.5,1018.25,994.4,9.166666666666666,6.9,14.0,19.7,38.16666666666666,30.23333333333333,0.0,0.0,0.0,0.0,0.0,0.0,0.0,0.0
7744,2017-12-18,1,22.0,25,12,42.76666666666667,38.23333333333333,1014.2,990.8,7.533333333333334,8.299999999999999,15.0,22.33333333333333,45.2,35.300000000000004,0.0,0.0,0.0,1.0,0.0,0.0,0.0,0.0
1208,2015-02-24,2,22.0,21,2,11.733333333333334,0.6333333333333334,1018.65,994.0333333333332,9.9,12.333333333333334,20.0,27.633333333333336,29.166666666666668,-1.4666666666666668,0.0,4.1,0.0,0.0,1.0,0.0,0.0,0.0
3783,2017-06-21,3,22.0,38,6,67.33333333333333,54.86666666666667,1013.85,991.3,9.5,4.5,10.666666666666666,,79.83333333333333,55.03333333333333,0.0033333333333333,0.0,0.0,0.0,0.0,0.0,0.0,0.0
4959,2016-08-12,5,22.0,29,8,80.39999999999999,73.23333333333333,1009.65,987.8333333333334,9.4,5.933333333333334,14.733333333333334,21.066666666666663,89.06666666666666,74.39999999999999,0.11,0.0,0.0,1.0,0.0,0.0,1.0,0.0
2703,2019-05-03,5,22.0,24,5,47.333333333333336,41.36666666666667,1018.95,995.6,8.766666666666667,8.333333333333334,14.0,19.633333333333333,54.833333333333336,42.03333333333333,0.3766666666666666,0.0,0.0,0.0,0.0,0.0,0.0,0.0
1846,2015-03-25,3,22.0,25,3,38.833333333333336,32.73333333333333,1015.05,990.5666666666666,7.0,11.433333333333332,17.76666666666667,23.73333333333333,42.56666666666667,26.96666666666667,0.17,2.0,0.0,1.0,0.0,0.0,0.0,0.0
7619,2018-12-12,3,22.0,18,12,34.86666666666667,27.566666666666663,1011.85,988.0333333333332,8.666666666666666,9.533333333333331,18.1,25.066666666666663,42.333333333333336,27.666666666666668,0.0,0.0,0.0,1.0,1.0,0.0,0.0,0.0
5264,2018-08-27,1,22.0,20,8,84.63333333333334,71.46666666666667,1011.85,990.3333333333334,9.5,12.633333333333333,20.03333333333333,28.4,93.63333333333333,74.63333333333333,0.0,0.0,0.0,0.0,0.0,0.0,0.0,0.0
4337,2018-07-16,1,22.0,27,7,81.16666666666667,72.26666666666667,1012.35,990.3666666666668,9.5,3.5666666666666664,15.333333333333334,22.0,90.46666666666664,72.86666666666666,0.1466666666666666,0.0,0.0,1.0,0.0,0.0,1.0,0.0
3341,2019-06-01,6,22.0,40,6,71.39999999999999,61.333333333333336,1008.05,985.8,10.0,7.400000000000001,19.933333333333334,31.666666666666668,81.8,58.86666666666667,0.0266666666666666,0.0,0.0,1.0,0.0,0.0,1.0,0.0
5995,2016-09-28,3,22.0,20,9,56.06666666666666,46.7,1010.3,987.8333333333334,9.733333333333333,7.866666666666667,16.7,25.0,66.33333333333333,50.66666666666666,0.0466666666666666,0.0,0.0,1.0,0.0,0.0,1.0,0.0
2550,2017-04-26,3,22.0,18,4,70.10000000000001,55.63333333333333,997.95,976.0333333333332,10.0,11.433333333333332,20.03333333333333,27.0,78.03333333333333,60.333333333333336,0.0,0.0,0.0,0.0,0.0,0.0,0.0,0.0
7331,2015-11-29,7,22.0,16,11,35.03333333333333,27.5,1028.35,1004.1666666666666,10.0,6.066666666666666,9.966666666666669,15.9,41.66666666666666,27.8,0.0,0.0,0.0,0.0,0.0,0.0,0.0,0.0
6028,2019-10-01,2,22.0,32,10,78.5,68.39999999999999,1012.75,990.8666666666668,9.966666666666669,6.966666666666666,11.4,18.066666666666663,87.26666666666667,68.43333333333334,0.0,0.0,0.0,0.0,0.0,0.0,0.0,0.0
5702,2015-09-16,3,22.0,28,9,70.39999999999999,52.23333333333333,1021.65,999.3666666666668,10.0,8.333333333333334,16.333333333333332,21.6,82.93333333333334,57.5,0.0,0.0,0.0,0.0,0.0,0.0,0.0,0.0
4665,2015-07-31,5,22.0,28,7,78.36666666666667,56.73333333333333,1014.75,992.7000000000002,10.0,9.0,18.7,27.0,88.60000000000001,65.06666666666666,0.0,0.0,0.0,0.0,0.0,0.0,0.0,0.0
4139,2018-07-07,6,22.0,23,7,70.06666666666666,51.96666666666667,1027.1,1004.3666666666668,10.0,6.3,12.3,15.6,80.89999999999999,58.9,0.0,0.0,0.0,0.0,0.0,0.0,0.0,0.0
7195,2019-11-23,6,22.0,12,11,31.33333333333333,26.133333333333336,1014.15,988.8333333333334,10.0,3.633333333333333,8.933333333333334,,39.86666666666667,24.83333333333333,0.0,0.0,0.0,0.0,0.0,0.0,0.0,0.0
3476,2015-06-07,7,22.0,29,6,65.7,58.1,1010.5,988.2,9.0,8.533333333333333,15.6,25.366666666666664,79.86666666666667,52.36666666666667,0.3866666666666666,0.0,0.0,1.0,0.0,0.0,1.0,0.0
7289,2018-11-27,2,22.0,21,11,23.83333333333333,16.533333333333335,1015.85,991.6666666666666,9.266666666666666,8.033333333333333,12.7,18.55,29.366666666666664,20.9,0.065,3.55,0.0,0.0,1.0,0.0,0.0,0.0
1428,2017-03-06,1,22.0,18,3,54.1,47.46666666666667,1014.0,991.3333333333334,9.866666666666667,15.733333333333334,22.96666666666667,33.06666666666667,60.1,51.4,0.0,0.0,0.0,1.0,0.0,0.0,0.0,0.0
3432,2015-06-05,5,22.0,29,6,64.96666666666665,56.73333333333333,1017.1,994.8,9.233333333333334,9.233333333333334,18.03333333333333,25.0,80.89999999999999,55.86666666666667,0.0,0.0,0.0,0.0,0.0,0.0,0.0,0.0
1472,2017-03-08,3,22.0,24,3,45.633333333333326,21.866666666666664,1014.85,991.9666666666668,10.0,18.53333333333333,32.06666666666667,49.36666666666667,56.46666666666667,39.63333333333333,0.0,0.0,0.0,0.0,0.0,0.0,0.0,0.0
702,2018-02-01,4,22.0,20,2,28.83333333333333,16.366666666666667,1014.9,991.9,10.0,10.4,18.0,25.0,40.76666666666667,14.233333333333334,0.0,0.0,0.0,0.0,0.0,0.0,0.0,0.0
438,2018-01-20,6,22.0,25,1,38.2,29.96666666666667,1011.55,988.3666666666668,10.0,10.3,18.4,27.03333333333333,45.56666666666666,29.73333333333333,0.0,2.0,0.0,0.0,0.0,0.0,0.0,0.0
174,2018-01-08,1,22.0,18,1,33.53333333333333,29.566666666666663,1015.95,991.8,6.6000000000000005,11.2,15.366666666666667,21.7,36.3,30.433333333333334,0.0266666666666666,1.2,0.0,1.0,1.0,0.0,0.0,0.0
6182,2019-10-08,2,22.0,21,10,57.46666666666667,44.0,1022.55,332.93333333333334,10.0,2.0666666666666664,7.966666666666666,,70.43333333333334,45.6,0.0,0.0,0.0,0.0,0.0,0.0,0.0,0.0
7326,2017-11-29,3,22.0,26,11,43.633333333333326,28.46666666666667,1024.35,1000.8333333333334,10.0,6.1000000000000005,9.966666666666669,17.1,58.833333333333336,32.2,0.0,0.0,0.0,0.0,0.0,0.0,0.0,0.0
525,2019-01-24,4,22.0,20,1,18.066666666666663,13.566666666666668,1011.9,987.9333333333334,7.133333333333333,7.966666666666666,18.73333333333333,28.6,27.133333333333336,10.866666666666667,0.06,4.5,0.0,0.0,1.0,0.0,0.0,0.0
2904,2018-05-12,6,22.0,37,5,48.0,44.36666666666667,1017.15,993.7666666666668,8.433333333333334,10.033333333333331,15.666666666666666,22.45,52.3,45.06666666666666,0.0166666666666666,0.0,0.0,1.0,0.0,0.0,1.0,0.0
6739,2018-11-02,5,22.0,17,11,44.6,35.26666666666667,1010.5,987.1,10.0,7.8,15.033333333333331,20.3,50.86666666666667,37.5,0.01,0.0,0.0,0.0,0.0,0.0,0.0,0.0
7529,2015-12-08,2,22.0,18,12,40.56666666666666,36.63333333333333,1014.5,991.9666666666668,6.3,9.5,14.0,19.33333333333333,46.2,28.6,0.0,0.0,0.0,1.0,0.0,0.0,0.0,0.0
4401,2015-07-19,7,22.0,22,7,79.89999999999999,68.93333333333334,1010.5,988.5666666666666,9.8,6.533333333333334,14.3,20.666666666666668,90.7,72.53333333333335,0.19,0.0,0.0,0.0,0.0,0.0,0.0,0.0
394,2016-01-18,1,22.0,24,1,1.9,-9.966666666666669,1026.5,1001.1666666666666,10.0,11.566666666666668,16.066666666666666,21.0,9.633333333333333,-2.9,0.0,0.0,0.0,0.0,0.0,0.0,0.0,0.0
3743,2018-06-19,2,22.0,27,6,71.76666666666667,67.2,1013.45,991.4333333333334,8.433333333333332,6.4,14.733333333333334,23.05,87.60000000000001,64.46666666666667,0.1633333333333333,0.0,0.0,1.0,0.0,0.0,0.0,0.0
7375,2015-12-01,2,22.0,25,12,42.5,36.13333333333333,1010.9,987.8666666666668,7.433333333333334,9.566666666666666,18.73333333333333,23.4,45.36666666666667,36.9,0.37,0.0,0.0,1.0,0.0,0.0,1.0,0.0
2002,2018-04-01,7,22.0,22,4,33.53333333333333,17.066666666666666,1022.9,999.3666666666668,10.0,7.800000000000001,15.3,19.0,50.86666666666667,25.9,0.0466666666666666,0.0,0.0,0.0,0.0,0.0,0.0,0.0
3429,2019-06-05,3,22.0,30,6,74.5,64.8,1006.2,984.1,9.633333333333333,7.1000000000000005,17.366666666666667,26.633333333333336,83.89999999999999,62.833333333333336,0.4966666666666666,0.0,0.0,1.0,0.0,0.0,1.0,0.0
6429,2015-10-19,1,22.0,39,10,54.63333333333333,29.866666666666664,1022.55,999.7666666666668,10.0,12.8,21.633333333333336,31.0,73.06666666666666,32.733333333333334,0.0,0.0,0.0,0.0,0.0,0.0,0.0,0.0
3701,2016-06-16,4,22.0,34,6,74.60000000000001,62.53333333333333,1007.35,986.0,10.0,8.966666666666667,15.366666666666667,22.366666666666664,89.56666666666666,65.60000000000001,0.0333333333333333,0.0,0.0,0.0,0.0,0.0,0.0,0.0
5242,2018-08-26,7,22.0,17,8,81.26666666666667,73.26666666666667,1014.1,992.3,7.066666666666667,5.4,13.666666666666666,18.4,93.56666666666666,69.96666666666667,0.04,0.0,1.0,0.0,0.0,0.0,0.0,0.0
5951,2016-09-26,1,22.0,26,9,66.76666666666667,49.3,1013.85,991.4666666666668,9.966666666666669,11.866666666666667,20.0,29.03333333333333,80.7,58.53333333333333,0.0166666666666666,0.0,0.0,1.0,0.0,0.0,0.0,0.0
4121,2016-07-05,2,22.0,18,7,75.33333333333333,64.3,1010.75,988.5666666666666,8.566666666666668,5.6000000000000005,11.3,16.5,87.46666666666665,65.16666666666667,0.0,0.0,0.0,0.0,0.0,0.0,0.0,0.0
680,2018-01-31,3,22.0,21,1,34.86666666666667,21.633333333333336,1011.65,988.3333333333334,10.0,14.5,21.0,29.566666666666663,42.833333333333336,24.8,0.0,0.0,0.0,0.0,0.0,0.0,0.0,0.0
6248,2019-10-11,5,22.0,26,10,60.13333333333333,55.833333333333336,1012.1,989.3333333333334,8.866666666666667,9.466666666666669,17.1,25.73333333333333,69.93333333333332,42.333333333333336,0.1066666666666666,0.0,0.0,1.0,0.0,0.0,0.0,0.0
3080,2015-05-20,3,22.0,32,5,44.43333333333334,30.53333333333333,1023.85,1000.2333333333332,9.966666666666669,7.7,13.0,18.05,53.2,40.766666666666666,0.0033333333333333,0.0,0.0,1.0,0.0,0.0,0.0,0.0
2153,2019-04-08,1,22.0,27,4,61.76666666666667,48.6,1009.95,987.3333333333334,10.0,5.933333333333334,15.333333333333334,26.633333333333336,73.56666666666666,51.63333333333333,0.1566666666666666,0.0,0.0,0.0,0.0,0.0,0.0,0.0
5708,2016-09-15,4,22.0,23,9,68.83333333333333,58.3,1022.6,999.9666666666668,10.0,6.433333333333334,12.666666666666666,18.0,78.16666666666667,61.03333333333333,0.0,0.0,0.0,0.0,0.0,0.0,0.0,0.0
3298,2017-05-30,2,22.0,15,5,64.5,45.833333333333336,1012.7,990.3333333333334,9.966666666666669,9.166666666666666,18.33333333333333,26.76666666666667,74.60000000000001,54.2,0.0,0.0,0.0,1.0,0.0,0.0,0.0,0.0
5478,2017-09-06,3,22.0,24,9,57.6,45.2,1014.95,992.1,10.0,7.566666666666666,12.333333333333334,17.366666666666667,67.33333333333333,48.9,0.0,0.0,0.0,0.0,0.0,0.0,0.0,0.0
7272,2016-11-25,5,22.0,20,11,37.9,33.0,1025.75,1001.9333333333334,8.733333333333333,6.9,12.666666666666666,18.0,42.03333333333333,35.43333333333334,0.0,0.0,0.0,1.0,0.0,0.0,0.0,0.0
5258,2017-08-27,7,22.0,24,8,68.83333333333333,55.16666666666666,1019.9,997.3666666666668,10.0,7.0,10.3,15.0,78.2,60.1,0.0,0.0,0.0,1.0,0.0,0.0,0.0,0.0
1319,2016-02-29,1,22.0,25,2,42.03333333333333,30.46666666666667,1010.25,986.5,10.0,13.533333333333331,21.33333333333333,31.76666666666667,59.36666666666667,33.266666666666666,0.0566666666666666,0.0,0.0,1.0,0.0,0.0,0.0,0.0
2814,2017-05-08,1,22.0,26,5,45.4,28.1,1019.6,996.1333333333332,10.0,5.1000000000000005,11.333333333333334,17.0,56.23333333333333,34.333333333333336,0.0,0.0,0.0,0.0,0.0,0.0,0.0,0.0
3056,2017-05-19,5,22.0,26,5,48.5,42.1,1018.55,995.0,9.066666666666668,14.866666666666667,21.3,28.6,75.46666666666667,43.43333333333334,0.0366666666666666,0.0,0.0,1.0,0.0,0.0,0.0,0.0
2112,2018-04-06,5,22.0,28,4,35.1,26.766666666666666,1014.1,990.4333333333334,7.766666666666667,10.333333333333334,20.0,28.3,39.5,28.933333333333334,0.0566666666666666,0.0,0.0,1.0,1.0,0.0,0.0,0.0
5522,2017-09-08,5,22.0,25,9,61.93333333333334,49.46666666666667,1020.7,997.9666666666668,10.0,4.833333333333333,12.666666666666666,15.0,71.56666666666666,54.03333333333333,0.0,0.0,0.0,1.0,0.0,0.0,0.0,0.0
811,2019-02-06,3,22.0,21,2,33.9,32.5,1014.0,990.2,4.6000000000000005,5.466666666666666,12.633333333333333,19.7,37.4,29.066666666666663,0.29,0.0,1.0,1.0,1.0,0.0,1.0,0.0
5519,2019-09-08,7,22.0,17,9,65.43333333333332,56.5,1018.25,995.6666666666666,9.966666666666669,6.066666666666666,10.366666666666667,,74.96666666666665,59.73333333333333,0.0,0.0,0.0,1.0,0.0,0.0,0.0,0.0
4320,2016-07-14,4,22.0,24,7,76.03333333333333,64.66666666666667,1010.1,987.9666666666668,9.466666666666669,11.533333333333331,22.7,33.36666666666667,87.86666666666667,67.93333333333334,0.2833333333333333,0.0,0.0,1.0,0.0,0.0,1.0,0.0
2065,2019-04-04,4,22.0,27,4,46.5,39.53333333333333,1026.8,3.033333333333333,8.566666666666666,7.3,14.666666666666666,21.3,55.63333333333333,41.0,0.09,0.0,0.0,1.0,0.0,0.0,0.0,0.0
2903,2015-05-12,2,22.0,31,5,53.13333333333333,39.333333333333336,1016.0,992.9,10.0,15.166666666666666,21.33333333333333,29.96666666666667,69.46666666666665,47.76666666666667,0.1566666666666666,0.0,0.0,0.0,0.0,0.0,0.0,0.0
3784,2015-06-21,7,22.0,30,6,74.93333333333334,64.8,1010.75,988.3666666666668,9.8,7.8,18.0,27.7,85.39999999999999,59.133333333333326,0.26,0.0,0.0,1.0,0.0,0.0,1.0,0.0
1097,2019-02-19,2,22.0,22,2,22.96666666666667,15.166666666666666,1036.05,11.333333333333334,9.766666666666667,2.2,7.633333333333333,,34.06666666666667,12.6,0.01,2.0,0.0,0.0,0.0,0.0,0.0,0.0
6825,2015-11-06,5,22.0,20,11,55.7,48.16666666666666,1012.9,988.7,9.366666666666667,15.066666666666668,23.0,32.06666666666667,68.8,45.03333333333333,0.32,0.0,0.0,1.0,0.0,0.0,0.0,0.0
5179,2016-08-22,1,22.0,16,8,67.16666666666667,52.3,1019.65,997.0666666666666,10.0,3.333333333333333,9.966666666666669,14.5,77.86666666666666,55.4,0.0,0.0,0.0,0.0,0.0,0.0,0.0,0.0
4297,2016-07-13,3,22.0,28,7,78.03333333333333,68.16666666666667,1011.15,988.9,10.0,7.633333333333333,17.366666666666667,23.3,87.56666666666666,68.63333333333334,0.0,0.0,0.0,1.0,0.0,0.0,1.0,0.0
2043,2019-04-03,3,22.0,22,4,45.9,29.399999999999995,1021.7,998.3666666666668,10.0,7.766666666666667,14.666666666666666,23.066666666666663,58.4,34.9,0.0,0.0,0.0,0.0,0.0,0.0,0.0,0.0
7463,2015-12-05,6,22.0,25,12,35.06666666666666,31.666666666666668,1036.05,1012.6,4.6000000000000005,6.766666666666666,9.966666666666669,14.0,45.43333333333334,29.1,0.0,0.0,1.0,0.0,0.0,0.0,0.0,0.0
1494,2017-03-09,4,22.0,28,3,39.03333333333333,20.933333333333334,1021.45,997.7666666666668,10.0,7.666666666666667,17.033333333333335,24.76666666666667,50.73333333333333,31.03333333333333,0.0,0.0,0.0,0.0,0.0,0.0,0.0,0.0
218,2018-01-10,3,22.0,25,1,37.2,36.06666666666667,1016.3,991.8333333333334,2.4,9.8,19.066666666666663,28.3,51.56666666666666,28.933333333333334,0.005,1.2,0.0,1.0,0.0,0.0,0.0,0.0
4994,2017-08-15,2,22.0,28,8,74.96666666666667,64.10000000000001,1010.9,988.7666666666668,9.666666666666666,5.533333333333334,12.7,14.0,83.60000000000001,64.53333333333333,0.0,0.0,0.0,0.0,0.0,0.0,0.0,0.0
6700,2016-10-30,7,22.0,24,10,55.53333333333333,50.1,1018.9,995.4333333333334,9.433333333333334,9.366666666666667,14.7,18.55,67.36666666666666,50.16666666666666,0.2933333333333333,0.0,0.0,1.0,0.0,0.0,1.0,0.0
3935,2019-06-28,5,22.0,28,6,77.06666666666666,67.13333333333334,1018.85,996.8333333333334,9.9,6.633333333333333,18.666666666666668,27.0,89.83333333333333,69.03333333333333,0.0066666666666666,0.0,0.0,1.0,0.0,0.0,1.0,0.0
2659,2019-05-01,3,22.0,30,5,52.16666666666666,50.0,1014.8,990.7,6.966666666666666,8.733333333333333,16.7,24.6,60.26666666666667,43.46666666666667,1.6333333333333335,0.0,0.0,1.0,0.0,0.0,0.0,0.0
7509,2018-12-07,5,22.0,24,12,21.433333333333334,11.666666666666666,1032.6999999999998,1008.0666666666666,10.0,6.2,14.666666666666666,20.666666666666668,29.666666666666668,15.866666666666667,0.0,0.0,0.0,0.0,0.0,0.0,0.0,0.0
3679,2016-06-15,3,22.0,21,6,79.10000000000001,67.76666666666667,1006.6,984.8,9.866666666666667,9.033333333333331,17.0,26.3,90.86666666666667,67.03333333333333,0.1833333333333333,0.0,0.0,1.0,0.0,0.0,1.0,0.0
129,2019-01-06,7,22.0,17,1,39.5,32.36666666666667,1021.2,997.5333333333332,10.0,8.133333333333333,14.033333333333331,19.4,48.2,34.5,0.0,0.0,0.0,0.0,0.0,0.0,0.0,0.0
2991,2015-05-16,6,22.0,35,5,70.33333333333333,62.833333333333336,1015.0,992.7,9.666666666666666,5.2,11.3,,79.93333333333334,58.4,0.0166666666666666,0.0,0.0,1.0,0.0,0.0,0.0,0.0
7866,2016-12-22,4,22.0,25,12,34.96666666666667,26.73333333333333,1022.0,997.7666666666668,10.0,8.466666666666667,12.666666666666666,17.1,38.333333333333336,26.03333333333333,0.0,2.95,0.0,0.0,0.0,0.0,0.0,0.0
5902,2018-09-25,2,22.0,29,9,72.7,65.3,1011.05,988.9333333333334,8.666666666666666,6.6000000000000005,25.03333333333333,42.36666666666667,83.83333333333333,63.6,0.33,0.0,0.0,1.0,0.0,0.0,1.0,0.0
2860,2018-05-10,4,22.0,30,5,65.63333333333333,54.86666666666667,1009.9,987.6,9.933333333333334,8.5,14.7,20.03333333333333,78.56666666666666,57.73333333333333,0.1533333333333333,0.0,0.0,0.0,0.0,0.0,0.0,0.0
7150,2017-11-21,2,22.0,24,11,41.86666666666667,29.633333333333336,1008.7,985.8,9.966666666666669,14.433333333333332,21.3,31.666666666666668,48.333333333333336,32.06666666666667,0.0,0.0,0.0,1.0,0.0,0.0,0.0,0.0
1053,2019-02-17,7,22.0,19,2,26.066666666666663,20.466666666666665,1015.05,990.0666666666666,7.7,9.166666666666666,13.666666666666666,19.966666666666665,29.03333333333333,20.73333333333333,0.0,2.0,0.0,1.0,1.0,0.0,0.0,0.0
5453,2019-09-05,4,22.0,23,9,64.06666666666666,52.7,1020.6,997.7999999999998,10.0,3.5,8.6,,73.56666666666668,55.5,0.0,0.0,0.0,0.0,0.0,0.0,0.0,0.0
5968,2018-09-28,5,22.0,17,9,57.63333333333333,44.7,1017.35,994.7,9.933333333333334,6.233333333333333,11.666666666666666,19.05,67.53333333333335,49.7,0.0,0.0,0.0,1.0,0.0,0.0,0.0,0.0
7904,2015-12-25,5,22.0,15,12,39.86666666666667,33.233333333333334,1022.2,998.2666666666668,9.8,5.5,12.0,15.9,44.43333333333334,33.93333333333333,0.0,0.0,0.0,0.0,0.0,0.0,0.0,0.0
5901,2015-09-25,5,22.0,21,9,67.0,58.73333333333333,1023.35,1000.4666666666668,9.766666666666667,6.233333333333333,13.0,15.9,77.43333333333334,56.76666666666667,0.0,0.0,0.0,0.0,0.0,0.0,0.0,0.0
7910,2016-12-24,6,22.0,22,12,35.06666666666666,31.9,1021.15,996.2,5.666666666666667,5.133333333333333,11.733333333333334,15.9,36.766666666666666,31.83333333333333,0.075,1.6,0.0,1.0,1.0,0.0,0.0,0.0
7063,2019-11-17,7,22.0,32,11,32.800000000000004,27.0,1019.5,995.7,9.9,5.3,8.933333333333334,22.0,40.833333333333336,26.53333333333333,0.0,1.2,0.0,0.0,0.0,0.0,0.0,0.0
4249,2018-07-12,4,22.0,20,7,77.5,61.63333333333333,1020.1,997.8333333333334,10.0,5.9,11.3,17.0,85.96666666666665,67.33333333333333,0.0,0.0,0.0,0.0,0.0,0.0,0.0,0.0
769,2016-02-04,4,22.0,31,2,27.4,18.03333333333333,1021.65,997.3666666666668,9.8,10.066666666666668,14.333333333333334,21.95,34.03333333333333,20.266666666666666,0.0066666666666666,0.0,0.0,0.0,1.0,0.0,0.0,0.0
4287,2019-07-14,7,22.0,19,7,79.13333333333334,65.96666666666665,1017.8,995.5666666666666,9.833333333333334,5.5,14.366666666666667,26.0,91.0,70.76666666666667,0.3833333333333333,0.0,0.0,1.0,0.0,0.0,1.0,0.0
7769,2019-12-19,4,22.0,17,12,22.7,9.5,1026.8000000000002,2.3666666666666667,9.966666666666669,8.466666666666667,15.3,22.366666666666664,35.6,14.066666666666668,0.0,0.0,0.0,0.0,0.0,0.0,0.0,0.0
4045,2019-07-03,3,22.0,38,7,77.0,69.83333333333333,1011.45,989.3333333333334,9.533333333333331,5.366666666666667,16.0,22.33333333333333,89.46666666666665,70.0,0.6533333333333333,0.0,0.0,1.0,0.0,0.0,1.0,0.0
768,2017-02-04,6,22.0,21,2,22.2,6.966666666666666,1028.3,1002.8,10.0,9.033333333333331,19.066666666666663,25.4,33.4,11.833333333333334,0.0,0.0,0.0,0.0,0.0,0.0,0.0,0.0
460,2017-01-21,6,22.0,24,1,49.2,45.7,1000.3,978.2,5.3,7.233333333333333,14.333333333333334,20.0,59.53333333333333,40.8,0.0133333333333333,0.0,0.0,1.0,0.0,0.0,0.0,0.0
4991,2019-08-15,4,22.0,22,8,70.8,61.9,1014.65,992.1333333333332,10.0,6.966666666666666,11.966666666666669,17.45,79.5,64.10000000000001,0.15,0.0,0.0,0.0,0.0,0.0,0.0,0.0
6678,2016-10-29,6,22.0,23,10,66.03333333333333,58.63333333333333,1012.55,990.1666666666666,9.933333333333334,11.166666666666666,18.4,26.666666666666668,72.43333333333334,60.7,0.0,0.0,0.0,0.0,0.0,0.0,0.0,0.0
3344,2015-06-01,1,22.0,41,6,52.16666666666666,41.7,1023.4,1000.1333333333332,10.0,8.233333333333333,13.0,17.1,60.53333333333333,43.43333333333334,0.0066666666666666,0.0,0.0,0.0,0.0,0.0,0.0,0.0
2771,2015-05-06,3,22.0,26,5,58.2,52.13333333333333,1021.0,998.3666666666668,3.3000000000000003,4.833333333333333,9.266666666666667,,80.0,48.43333333333334,0.1166666666666666,0.0,1.0,0.0,0.0,0.0,0.0,0.0
85,2017-01-04,3,22.0,22,1,19.2,10.3,1016.5,991.8,9.8,14.1,19.03333333333333,26.666666666666668,37.333333333333336,10.533333333333331,0.0033333333333333,0.0,0.0,0.0,0.0,0.0,0.0,0.0
4136,2015-07-07,2,22.0,22,7,67.8,58.03333333333333,1013.75,990.6666666666666,8.533333333333333,11.733333333333334,19.633333333333333,26.03333333333333,86.16666666666667,57.56666666666666,0.5866666666666667,0.0,0.0,1.0,0.0,0.0,1.0,0.0
19,2017-01-01,7,22.0,48,1,28.166666666666668,19.933333333333334,1018.45,994.8666666666668,9.533333333333331,4.033333333333333,9.633333333333333,15.9,39.9,19.1,0.0,0.0,0.0,0.0,0.0,0.0,0.0,0.0
6964,2016-11-11,5,22.0,34,11,50.4,37.7,1021.95,998.2333333333332,10.0,11.4,20.33333333333333,29.633333333333336,56.76666666666667,45.2,0.0,0.0,0.0,0.0,0.0,0.0,0.0,0.0
967,2016-02-13,6,22.0,18,2,10.833333333333334,-8.366666666666667,1034.75,1009.4333333333334,10.0,11.0,19.7,29.96666666666667,20.4,3.233333333333333,0.0233333333333333,0.0,0.0,0.0,0.0,0.0,0.0,0.0
4475,2016-07-21,4,22.0,26,7,80.5,72.2,1017.3,995.3333333333334,9.7,6.866666666666667,13.0,26.5,90.13333333333333,71.96666666666667,0.1666666666666666,0.0,0.0,0.0,0.0,0.0,0.0,0.0
3433,2018-06-05,2,22.0,22,6,66.60000000000001,49.6,1010.8,988.5333333333332,10.0,9.966666666666669,16.733333333333334,19.5,79.2,54.36666666666667,0.0066666666666666,0.0,0.0,1.0,0.0,0.0,0.0,0.0
7019,2019-11-15,5,22.0,14,11,27.46666666666667,20.633333333333333,1028.1,3.866666666666667,9.266666666666667,5.133333333333334,10.6,18.1,37.66666666666666,20.03333333333333,0.0,1.2,0.0,0.0,0.0,0.0,0.0,0.0
4007,2018-07-01,7,22.0,39,7,84.13333333333334,73.76666666666667,1010.55,988.7666666666668,9.933333333333334,10.833333333333334,24.366666666666664,37.266666666666666,93.06666666666668,75.8,0.0,0.0,0.0,1.0,0.0,0.0,0.0,0.0
4862,2017-08-09,3,22.0,23,8,72.3,55.833333333333336,1020.85,998.4,9.766666666666667,3.1333333333333333,8.6,,82.93333333333334,59.333333333333336,0.0,0.0,0.0,0.0,0.0,0.0,0.0,0.0
4818,2017-08-07,1,22.0,27,8,68.93333333333334,57.36666666666667,1016.55,994.0666666666666,10.0,5.5,13.033333333333331,15.9,76.39999999999999,61.26666666666667,0.0,0.0,0.0,0.0,0.0,0.0,0.0,0.0
3938,2015-06-28,7,22.0,19,6,67.53333333333333,50.96666666666667,1012.35,990.0333333333332,9.933333333333334,3.633333333333333,11.033333333333331,21.6,79.66666666666667,54.4,0.0,0.0,0.0,1.0,0.0,0.0,0.0,0.0
5791,2015-09-20,7,22.0,30,9,60.4,48.76666666666667,1020.85,997.9333333333334,9.966666666666669,2.5,8.299999999999999,,72.03333333333333,50.26666666666667,0.03,0.0,0.0,0.0,0.0,0.0,0.0,0.0
4117,2018-07-06,5,22.0,27,7,73.7,61.16666666666666,1026.7,1004.0666666666666,10.0,9.966666666666669,16.400000000000002,21.0,82.5,69.7,0.41,0.0,0.0,0.0,0.0,0.0,0.0,0.0
988,2017-02-14,2,22.0,28,2,39.833333333333336,27.3,1011.95,988.6333333333332,10.0,10.366666666666667,18.3,25.0,50.66666666666666,29.933333333333334,0.0,0.0,0.0,0.0,0.0,0.0,0.0,0.0
6143,2015-10-06,2,22.0,26,10,59.73333333333333,54.43333333333334,1020.6,997.7666666666668,7.133333333333333,4.366666666666667,7.633333333333333,,67.39999999999999,56.1,0.0,0.0,0.0,1.0,0.0,0.0,0.0,0.0
6930,2019-11-11,1,22.0,11,11,30.600000000000005,26.9,1022.45,998.6,5.533333333333334,11.666666666666666,19.33333333333333,26.3,41.36666666666667,20.9,0.1266666666666666,2.55,0.0,1.0,1.0,0.0,0.0,0.0
2354,2018-04-17,2,22.0,27,4,34.5,22.83333333333333,1013.15,989.4333333333334,9.966666666666669,10.533333333333331,17.366666666666667,20.666666666666668,43.66666666666666,28.433333333333334,0.0033333333333333,0.0,0.0,0.0,1.0,0.0,0.0,0.0
5175,2018-08-23,4,22.0,25,8,68.93333333333334,52.56666666666666,1019.3,996.8,10.0,4.533333333333333,12.033333333333331,16.400000000000002,80.13333333333333,56.73333333333333,0.0,0.0,0.0,0.0,0.0,0.0,0.0,0.0
6458,2016-10-19,3,22.0,28,10,59.9,48.63333333333333,1016.65,993.9,9.233333333333333,2.766666666666667,8.933333333333334,,72.63333333333334,49.16666666666666,0.0,0.0,0.0,0.0,0.0,0.0,0.0,0.0
2997,2016-05-15,7,22.0,23,5,45.56666666666666,28.666666666666668,1019.2,995.7333333333332,10.0,7.266666666666666,15.266666666666666,22.666666666666668,55.43333333333334,35.53333333333333,0.0,0.0,0.0,0.0,0.0,0.0,0.0,0.0
5352,2018-08-31,5,22.0,32,8,70.10000000000001,59.43333333333334,1018.65,996.2333333333332,9.966666666666669,4.666666666666667,10.3,14.5,85.39999999999999,59.03333333333333,0.0,0.0,0.0,0.0,0.0,0.0,0.0,0.0
857,2016-02-08,1,22.0,10,2,31.6,24.866666666666664,1006.05,982.2333333333332,9.5,8.433333333333334,14.0,19.0,41.86666666666667,27.066666666666663,0.0,0.0,0.0,0.0,1.0,0.0,0.0,0.0
5083,2015-08-19,3,22.0,31,8,72.66666666666667,63.66666666666666,1004.8,982.9333333333334,9.8,11.366666666666667,19.366666666666667,29.0,81.8,67.86666666666667,0.5299999999999999,0.0,0.0,1.0,0.0,0.0,1.0,0.0
4717,2016-08-01,1,22.0,34,8,74.53333333333335,65.06666666666666,1017.3,994.9666666666668,9.266666666666667,4.833333333333333,10.3,15.9,83.10000000000001,65.10000000000001,0.0,0.0,0.0,0.0,0.0,0.0,0.0,0.0
5127,2015-08-21,5,22.0,27,8,68.83333333333333,53.26666666666667,1017.05,994.6666666666666,10.0,6.266666666666667,13.0,17.966666666666665,82.03333333333333,56.0,0.0,0.0,0.0,0.0,0.0,0.0,0.0,0.0
2374,2017-04-18,2,22.0,21,4,55.93333333333334,41.03333333333334,1020.3,997.1666666666666,10.0,8.5,19.7,27.0,76.03333333333335,41.73333333333333,0.0,0.0,0.0,0.0,0.0,0.0,0.0,0.0
2154,2017-04-08,6,22.0,15,4,49.16666666666666,28.73333333333333,1016.3,993.2000000000002,10.0,8.700000000000001,18.0,25.633333333333336,66.73333333333333,37.2,0.0,0.0,0.0,0.0,0.0,0.0,0.0,0.0
152,2018-01-07,7,22.0,23,1,16.099999999999998,6.533333333333334,1027.1,1001.0666666666666,9.633333333333333,10.9,17.366666666666667,24.366666666666664,30.53333333333333,1.5333333333333332,0.0,1.2,0.0,1.0,1.0,0.0,0.0,0.0
6380,2019-10-17,4,22.0,15,10,46.03333333333333,36.7,1016.75,993.4,9.933333333333334,4.266666666666667,8.299999999999999,15.0,54.36666666666667,40.03333333333333,0.0,0.0,0.0,0.0,0.0,0.0,0.0,0.0
6414,2016-10-17,1,22.0,33,10,72.06666666666666,64.86666666666666,1004.8,983.0333333333332,9.966666666666669,12.166666666666666,20.666666666666668,30.3,82.93333333333334,66.23333333333333,0.03,0.0,0.0,0.0,0.0,0.0,0.0,0.0
4309,2019-07-15,1,22.0,24,7,80.73333333333333,67.03333333333333,1016.5,994.6,10.0,7.866666666666667,18.066666666666663,27.633333333333336,91.2,71.60000000000001,0.0,0.0,0.0,0.0,0.0,0.0,0.0,0.0
6319,2015-10-14,3,22.0,30,10,52.9,39.5,1013.45,990.3333333333334,10.0,5.9,9.966666666666669,15.0,63.56666666666666,43.0,0.0,0.0,0.0,0.0,0.0,0.0,0.0,0.0
1473,2018-03-08,4,22.0,25,3,28.33333333333333,15.266666666666666,1017.0,992.9,10.0,9.6,14.333333333333334,20.666666666666668,34.833333333333336,23.600000000000005,0.0033333333333333,0.0,0.0,0.0,1.0,0.0,0.0,0.0
966,2017-02-13,1,22.0,15,2,35.13333333333333,20.73333333333333,1025.95,1002.0333333333334,10.0,8.366666666666667,15.333333333333334,20.73333333333333,45.2,25.6,0.0,0.0,0.0,0.0,0.0,0.0,0.0,0.0
7568,2017-12-10,7,22.0,16,12,26.133333333333336,16.966666666666665,1016.25,992.1,10.0,9.033333333333331,14.7,21.366666666666664,35.56666666666667,18.23333333333333,0.01,1.2,0.0,0.0,0.0,0.0,0.0,0.0
6996,2017-11-14,2,22.0,22,11,39.0,33.5,1026.35,1002.7666666666668,6.733333333333333,6.533333333333334,14.0,19.5,49.63333333333333,30.133333333333336,0.0,0.0,0.0,0.0,0.0,0.0,0.0,0.0
2462,2017-04-22,6,22.0,11,4,49.0,32.56666666666667,1021.7,998.1666666666666,10.0,9.7,13.666666666666666,18.03333333333333,57.56666666666666,42.53333333333333,0.0,0.0,0.0,0.0,0.0,0.0,0.0,0.0
3963,2018-06-29,5,22.0,39,6,81.7,71.39999999999999,1012.5,990.5666666666666,10.0,7.333333333333333,13.333333333333334,18.7,94.16666666666669,70.10000000000001,0.0,0.0,0.0,0.0,0.0,0.0,0.0,0.0
943,2019-02-12,2,22.0,19,2,31.83333333333333,30.066666666666663,1008.8,982.7,3.8,9.9,20.3,33.03333333333333,33.333333333333336,27.6,0.4566666666666667,1.2,0.0,1.0,1.0,0.0,0.0,0.0
768,2015-02-04,3,22.0,18,2,24.0,19.6,1019.65,994.9,5.333333333333333,5.933333333333334,12.7,20.0,29.5,9.5,0.07,16.1,0.0,0.0,1.0,0.0,0.0,0.0
4055,2016-07-02,6,22.0,35,7,65.53333333333335,46.56666666666666,1020.65,997.9333333333334,10.0,4.0,11.0,14.0,75.8,54.8,0.0,0.0,0.0,0.0,0.0,0.0,0.0,0.0
1384,2017-03-04,6,22.0,13,3,32.93333333333334,23.03333333333333,1034.15,1010.0,9.166666666666666,8.733333333333333,17.366666666666667,21.666666666666668,41.96666666666667,25.633333333333336,0.005,0.0,0.0,0.0,1.0,0.0,0.0,0.0
3146,2018-05-23,3,22.0,17,5,62.46666666666667,52.53333333333333,1020.45,997.6666666666666,8.0,2.8000000000000003,8.299999999999999,,78.1,50.13333333333333,0.0166666666666666,0.0,0.0,0.0,0.0,0.0,0.0,0.0
1868,2017-03-26,7,22.0,17,3,52.5,49.73333333333333,1011.55,988.7999999999998,5.833333333333333,7.266666666666667,12.7,17.333333333333332,62.43333333333334,43.53333333333333,0.4066666666666667,0.0,0.0,1.0,0.0,0.0,0.0,0.0
5025,2016-08-15,1,22.0,21,8,73.39999999999999,66.86666666666666,1017.45,995.0333333333332,8.933333333333334,5.666666666666667,13.333333333333334,18.55,82.63333333333334,67.33333333333333,0.3266666666666666,0.0,0.0,1.0,0.0,0.0,0.0,0.0
7926,2015-12-26,6,22.0,20,12,40.16666666666666,34.9,1023.9,999.7,8.166666666666666,8.466666666666667,14.0,20.0,44.9,33.93333333333333,0.0333333333333333,0.0,0.0,1.0,0.0,0.0,0.0,0.0
3121,2019-05-22,3,22.0,30,5,62.23333333333333,51.7,1011.5,988.6333333333332,9.133333333333333,12.5,20.33333333333333,29.33333333333333,81.39999999999999,50.43333333333334,0.7666666666666666,0.0,0.0,1.0,0.0,0.0,1.0,0.0
2838,2018-05-09,3,22.0,35,5,69.7,50.06666666666666,1009.9,987.4,9.766666666666667,10.6,22.03333333333333,29.633333333333336,81.8,57.5,0.0266666666666666,0.0,0.0,1.0,0.0,0.0,1.0,0.0
1361,2019-03-03,7,22.0,17,3,23.766666666666666,12.733333333333334,1024.35,333.46666666666664,9.766666666666667,8.266666666666667,13.666666666666666,18.4,30.933333333333334,17.633333333333333,0.0,0.0,0.0,0.0,0.0,0.0,0.0,0.0
2484,2017-04-23,7,22.0,32,4,52.9,29.83333333333333,1019.95,996.7666666666668,10.0,3.333333333333333,10.666666666666666,14.0,69.39999999999999,35.93333333333333,0.0,0.0,0.0,0.0,0.0,0.0,0.0,0.0
1938,2016-03-28,1,22.0,25,3,45.53333333333333,37.03333333333333,1016.0,992.5,9.833333333333334,9.266666666666667,14.0,20.666666666666668,55.2,40.96666666666667,0.1999999999999999,0.0,0.0,1.0,0.0,0.0,0.0,0.0
5544,2017-09-09,6,22.0,28,9,63.0,48.93333333333334,1027.6999999999998,1004.6333333333332,10.0,7.566666666666666,13.333333333333334,18.366666666666667,72.0,54.66666666666666,0.0,0.0,0.0,0.0,0.0,0.0,0.0,0.0
3085,2016-05-19,4,22.0,20,5,55.23333333333333,34.333333333333336,1022.8,999.6,9.933333333333334,3.6,9.233333333333334,14.0,68.56666666666666,40.16666666666666,0.0,0.0,0.0,0.0,0.0,0.0,0.0,0.0
1384,2018-03-04,7,22.0,15,3,37.5,22.433333333333334,1030.9,1006.9,10.0,7.766666666666667,13.333333333333334,15.0,46.86666666666667,30.933333333333334,0.0,0.0,0.0,0.0,0.0,0.0,0.0,0.0
6495,2015-10-22,4,22.0,18,10,60.36666666666667,49.06666666666666,1022.3,999.3333333333334,10.0,6.466666666666666,9.9,14.0,76.39999999999999,53.833333333333336,0.0033333333333333,0.0,0.0,0.0,0.0,0.0,0.0,0.0
3651,2017-06-15,4,22.0,32,6,75.73333333333333,64.23333333333333,1009.5,987.6,9.8,7.333333333333333,15.033333333333331,21.4,90.6,68.13333333333334,0.68,0.0,0.0,1.0,0.0,0.0,1.0,0.0
2769,2019-05-06,1,22.0,31,5,59.4,47.833333333333336,1013.9,991.2666666666668,9.933333333333334,6.366666666666667,15.033333333333331,19.05,73.56666666666666,47.53333333333333,0.0166666666666666,0.0,0.0,1.0,0.0,0.0,0.0,0.0
7553,2018-12-09,7,22.0,20,12,23.366666666666664,16.599999999999998,1031.2,1006.6333333333332,8.333333333333334,2.2333333333333334,6.033333333333334,,34.5,15.4,0.0,0.0,0.0,0.0,0.0,0.0,0.0,0.0
3254,2017-05-28,7,22.0,22,5,66.16666666666667,56.833333333333336,1007.5,985.0,9.433333333333334,4.6000000000000005,14.0,19.05,76.83333333333333,54.8,0.0,0.0,0.0,1.0,0.0,0.0,0.0,0.0
988,2015-02-14,6,22.0,10,2,20.33333333333333,9.3,1017.65,992.1333333333332,8.9,14.9,26.3,37.7,28.23333333333333,3.733333333333333,0.0,4.1,0.0,0.0,1.0,0.0,0.0,0.0
2857,2019-05-10,5,22.0,19,5,49.76666666666667,39.4,1017.4,993.9666666666668,9.866666666666667,7.566666666666667,12.666666666666666,18.066666666666663,59.333333333333336,44.56666666666666,0.2633333333333333,0.0,0.0,0.0,0.0,0.0,0.0,0.0
372,2018-01-17,3,22.0,27,1,13.033333333333331,6.9,1034.3,1009.4,9.933333333333334,7.533333333333334,14.333333333333334,18.0,22.6,3.3000000000000003,0.0033333333333333,1.6,0.0,0.0,0.0,0.0,0.0,0.0
4620,2017-07-29,6,22.0,25,7,71.33333333333333,54.06666666666666,1018.25,995.7333333333332,10.0,9.233333333333334,16.0,21.7,77.89999999999999,61.73333333333333,0.0,0.0,0.0,0.0,0.0,0.0,0.0,0.0
3275,2019-05-29,3,22.0,26,5,59.26666666666667,55.06666666666666,1007.6,985.0333333333332,7.333333333333333,5.766666666666667,15.666666666666666,22.33333333333333,74.03333333333335,51.26666666666667,0.8233333333333333,0.0,0.0,1.0,0.0,0.0,1.0,0.0
2352,2015-04-17,5,22.0,19,4,60.06666666666666,44.43333333333334,1017.9,995.0333333333332,8.833333333333334,3.8333333333333335,9.666666666666666,14.0,78.56666666666666,44.53333333333333,0.0,0.0,0.0,0.0,0.0,0.0,0.0,0.0
3327,2016-05-30,1,22.0,28,5,74.46666666666667,57.06666666666666,1015.05,992.8333333333334,10.0,5.2,11.4,21.0,86.66666666666667,61.70000000000001,0.0,0.0,0.0,0.0,0.0,0.0,0.0,0.0
5528,2018-09-08,6,22.0,19,9,65.8,53.0,1021.3,998.1,10.0,12.7,17.033333333333335,23.066666666666663,68.43333333333332,63.03333333333334,0.1566666666666666,0.0,0.0,0.0,0.0,0.0,0.0,0.0
657,2019-01-30,3,22.0,9,1,-13.466666666666669,-23.666666666666668,1023.65,997.9666666666668,9.733333333333334,15.233333333333334,19.7,28.3,3.633333333333333,-22.2,0.0,6.9,0.0,0.0,1.0,0.0,0.0,0.0
1982,2016-03-30,3,22.0,21,3,49.6,34.733333333333334,1014.35,991.2666666666668,9.733333333333333,10.466666666666669,21.33333333333333,29.666666666666668,61.36666666666667,39.833333333333336,0.0366666666666666,0.0,0.0,1.0,0.0,0.0,1.0,0.0
7986,2017-12-29,5,22.0,11,12,12.133333333333333,7.066666666666666,1029.4,1004.5333333333332,5.933333333333334,6.266666666666667,10.666666666666666,15.55,15.133333333333333,4.233333333333333,0.015,2.0,0.0,0.0,1.0,0.0,0.0,0.0
5434,2017-09-04,1,22.0,12,9,71.93333333333334,58.76666666666667,1009.05,986.8333333333334,9.833333333333334,10.233333333333333,17.666666666666668,24.666666666666668,84.5,61.1,0.0,0.0,0.0,1.0,0.0,0.0,0.0,0.0
5170,2017-08-23,3,22.0,12,8,68.8,51.13333333333333,1015.75,993.2,10.0,7.5,13.033333333333331,19.366666666666667,78.89999999999999,58.0,0.0166666666666666,0.0,0.0,0.0,0.0,0.0,0.0,0.0
3629,2017-06-14,3,22.0,20,6,76.7,65.36666666666667,1011.9,989.6333333333332,9.566666666666666,6.833333333333333,20.366666666666667,34.300000000000004,90.56666666666666,67.46666666666667,0.06,0.0,0.0,1.0,0.0,0.0,1.0,0.0
1648,2015-03-16,1,22.0,21,3,58.93333333333334,37.93333333333334,1013.2,990.6666666666666,10.0,11.366666666666667,18.73333333333333,25.73333333333333,72.89999999999999,47.96666666666667,0.0,0.0,0.0,0.0,0.0,0.0,0.0,0.0
2180,2016-04-08,5,22.0,14,4,37.66666666666666,27.96666666666667,1010.65,986.8,8.933333333333334,9.066666666666668,21.633333333333336,29.633333333333336,42.86666666666667,33.2,0.0433333333333333,0.0,0.0,1.0,1.0,0.0,0.0,0.0
922,2015-02-11,3,22.0,21,2,31.2,23.9,1017.6,993.5666666666666,8.9,9.433333333333332,16.0,22.366666666666664,36.5,21.1,0.0,4.5,0.0,0.0,0.0,0.0,0.0,0.0
6188,2018-10-08,1,22.0,22,10,70.26666666666667,64.39999999999999,1017.25,995.4666666666668,6.233333333333333,7.899999999999999,16.633333333333333,28.666666666666668,84.66666666666667,59.66666666666666,0.6699999999999999,0.0,0.0,1.0,0.0,0.0,0.0,0.0
3806,2015-06-22,1,22.0,31,6,76.16666666666667,69.43333333333334,1011.6,989.6,9.566666666666666,8.033333333333333,20.0,28.6,85.39999999999999,67.26666666666667,0.0,0.0,0.0,1.0,0.0,0.0,0.0,0.0
4003,2017-07-01,6,22.0,33,7,74.96666666666665,60.96666666666667,1010.95,989.3,10.0,7.900000000000001,16.3,23.0,83.16666666666667,66.3,0.08,0.0,0.0,0.0,0.0,0.0,0.0,0.0
878,2018-02-09,5,22.0,13,2,24.166666666666668,21.33333333333333,1024.2,999.6333333333332,2.033333333333333,6.833333333333333,14.3,19.3,28.433333333333334,14.966666666666669,0.3,10.4,1.0,0.0,1.0,0.0,0.0,0.0
4397,2019-07-19,5,22.0,19,7,85.5,77.56666666666666,1008.3,986.6666666666666,10.0,9.866666666666667,14.633333333333333,21.0,93.73333333333332,77.89999999999999,1.23,0.0,0.0,0.0,0.0,0.0,0.0,0.0
4903,2019-08-11,7,22.0,26,8,74.3,60.06666666666666,1015.1,992.8666666666668,10.0,5.633333333333333,12.033333333333331,18.0,84.2,66.33333333333333,0.0,0.0,0.0,1.0,0.0,0.0,0.0,0.0
1230,2015-02-25,3,22.0,22,2,22.8,9.7,1013.5,989.3333333333334,9.2,7.066666666666666,13.666666666666666,19.066666666666663,29.766666666666666,4.033333333333333,0.005,4.1,0.0,0.0,1.0,0.0,0.0,0.0
1762,2016-03-20,7,22.0,20,3,37.5,26.1,1022.45,998.6333333333332,10.0,8.233333333333334,14.0,21.0,44.36666666666667,31.166666666666668,0.0,0.0,0.0,0.0,0.0,0.0,0.0,0.0
4617,2019-07-29,1,22.0,13,7,76.60000000000001,68.13333333333334,1011.5,989.2,9.533333333333331,8.533333333333333,16.0,25.96666666666667,86.86666666666667,70.36666666666666,0.0533333333333333,0.0,0.0,1.0,0.0,0.0,1.0,0.0
5686,2016-09-14,3,22.0,18,9,70.53333333333333,60.63333333333333,1021.75,998.8333333333334,9.9,7.833333333333333,12.033333333333331,15.9,80.43333333333334,65.7,0.0499999999999999,0.0,0.0,1.0,0.0,0.0,0.0,0.0
6072,2019-10-03,4,22.0,21,10,62.2,58.03333333333333,1015.7,992.2333333333332,7.8,6.933333333333334,14.7,22.433333333333337,69.33333333333333,58.03333333333333,1.1566666666666665,0.0,0.0,1.0,0.0,0.0,1.0,0.0
636,2017-01-29,7,22.0,12,1,27.23333333333333,17.333333333333332,1010.65,986.7666666666668,9.566666666666666,8.200000000000001,13.366666666666667,20.6,29.1,24.7,0.0,0.0,0.0,0.0,1.0,0.0,0.0,0.0
2886,2016-05-10,2,22.0,27,5,56.1,53.9,1011.95,989.1333333333332,3.8333333333333335,9.733333333333333,14.933333333333332,21.7,67.23333333333333,50.73333333333333,0.5533333333333333,0.0,0.0,1.0,0.0,0.0,0.0,0.0
5201,2016-08-23,2,22.0,21,8,70.63333333333333,58.1,1021.15,998.8,10.0,7.833333333333333,14.966666666666669,20.33333333333333,80.76666666666667,59.76666666666667,0.0,0.0,0.0,0.0,0.0,0.0,0.0,0.0
4001,2019-07-01,1,22.0,31,7,77.60000000000001,68.8,1014.7,992.5333333333332,9.966666666666669,5.433333333333334,11.633333333333333,19.633333333333333,90.6,68.66666666666667,0.1533333333333333,0.0,0.0,0.0,0.0,0.0,0.0,0.0
5167,2019-08-23,5,22.0,21,8,68.93333333333332,53.16666666666666,1020.35,997.7333333333332,10.0,8.6,14.3,18.366666666666667,75.0,61.56666666666666,0.0,0.0,0.0,0.0,0.0,0.0,0.0,0.0
3677,2018-06-16,6,22.0,25,6,80.8,69.39999999999999,1013.1,991.4333333333334,9.6,8.233333333333334,19.7,29.33333333333333,92.1,67.10000000000001,0.6333333333333333,0.0,0.0,1.0,0.0,0.0,1.0,0.0
6605,2015-10-27,2,22.0,22,10,53.06666666666666,41.766666666666666,1022.7,999.6333333333332,9.833333333333334,8.933333333333334,17.033333333333335,22.666666666666668,61.833333333333336,37.5,0.0033333333333333,0.0,0.0,1.0,0.0,0.0,0.0,0.0
3586,2015-06-12,5,22.0,23,6,64.93333333333334,61.73333333333333,1009.5,986.3666666666668,5.333333333333333,6.333333333333333,15.333333333333334,25.45,75.46666666666667,57.6,0.47,0.0,0.0,1.0,0.0,0.0,1.0,0.0
1317,2019-03-01,5,22.0,32,3,27.766666666666666,19.2,1022.75,998.4333333333334,10.0,3.733333333333333,7.966666666666666,,34.53333333333333,18.866666666666667,0.0,0.0,0.0,0.0,0.0,0.0,0.0,0.0
4113,2017-07-06,4,22.0,26,7,80.33333333333333,63.833333333333336,1014.9,992.7666666666668,9.966666666666669,3.9,11.633333333333333,19.0,91.5,67.16666666666667,0.0,0.0,0.0,0.0,0.0,0.0,0.0,0.0
6468,2017-10-21,6,22.0,29,10,66.8,52.16666666666666,1016.8,994.5666666666666,10.0,11.033333333333331,18.0,25.7,77.5,56.2,0.0,0.0,0.0,0.0,0.0,0.0,0.0,0.0
2175,2019-04-09,2,22.0,24,4,59.8,37.2,1009.75,987.2,10.0,7.833333333333333,15.033333333333331,23.4,70.83333333333333,44.7,0.0,0.0,0.0,0.0,0.0,0.0,0.0,0.0
1999,2019-04-01,1,22.0,22,4,35.06666666666667,20.8,1026.1,2.233333333333333,10.0,8.333333333333334,20.33333333333333,27.33333333333333,48.13333333333333,24.766666666666666,0.0,0.0,0.0,0.0,0.0,0.0,0.0,0.0
3300,2018-05-30,3,22.0,31,5,76.3,66.43333333333334,1005.55,983.2,9.866666666666667,6.533333333333334,14.4,23.05,86.73333333333333,69.43333333333334,0.01,0.0,0.0,1.0,0.0,0.0,1.0,0.0
7615,2019-12-12,4,22.0,22,12,28.133333333333336,18.9,1028.1,3.8333333333333335,9.733333333333334,8.799999999999999,18.03333333333333,29.96666666666667,44.73333333333333,15.9,0.0,0.0,0.0,0.0,0.0,0.0,0.0,0.0
1582,2017-03-13,1,22.0,25,3,28.83333333333333,22.33333333333333,1024.6,1000.3666666666668,5.333333333333333,9.2,15.033333333333331,18.633333333333333,33.46666666666667,23.1,0.07,1.6,0.0,0.0,1.0,0.0,0.0,0.0
4025,2017-07-02,7,22.0,25,7,73.8,56.23333333333333,1015.5,993.2333333333332,9.966666666666669,7.066666666666666,19.266666666666666,26.066666666666663,88.43333333333332,59.73333333333333,0.0,0.0,0.0,1.0,0.0,0.0,1.0,0.0
1868,2015-03-26,4,22.0,29,3,38.36666666666667,27.73333333333333,1016.05,992.4333333333334,9.666666666666666,8.0,13.333333333333334,18.4,44.6,33.5,0.1266666666666666,2.0,0.0,0.0,0.0,0.0,0.0,0.0
4364,2016-07-16,6,22.0,18,7,68.03333333333333,55.6,1019.2,996.5333333333332,10.0,5.0,10.366666666666667,14.0,76.83333333333333,59.5,0.075,0.0,0.0,1.0,0.0,0.0,0.0,0.0
812,2017-02-06,1,22.0,25,2,34.93333333333333,28.133333333333336,1016.05,991.8333333333334,8.966666666666667,5.266666666666667,13.033333333333331,18.55,54.96666666666667,23.23333333333333,0.0,0.0,0.0,0.0,0.0,0.0,0.0,0.0
2683,2015-05-02,6,22.0,22,5,62.3,38.03333333333333,1017.65,994.9333333333334,10.0,4.866666666666666,12.333333333333334,17.733333333333334,77.0,37.96666666666667,0.0,0.0,0.0,0.0,0.0,0.0,0.0,0.0
5237,2015-08-26,3,22.0,33,8,62.833333333333336,52.56666666666666,1019.65,996.7333333333332,10.0,4.933333333333334,8.933333333333334,15.9,71.83333333333333,56.6,0.0,0.0,0.0,0.0,0.0,0.0,0.0,0.0
7685,2018-12-15,6,22.0,14,12,37.53333333333333,33.03333333333333,1022.0,998.1666666666666,5.6000000000000005,7.133333333333333,11.0,14.0,46.8,30.633333333333336,0.09,0.0,0.0,0.0,0.0,0.0,0.0,0.0
7091,2018-11-18,7,22.0,14,11,33.800000000000004,27.933333333333334,1025.65,1001.6,8.299999999999999,5.466666666666666,10.366666666666667,,37.36666666666667,30.73333333333333,0.14,0.0,0.0,0.0,1.0,0.0,0.0,0.0
5149,2015-08-22,6,22.0,25,8,72.23333333333333,56.3,1017.85,995.6666666666666,10.0,7.433333333333334,16.333333333333332,23.066666666666663,82.06666666666666,56.0,0.0,0.0,0.0,0.0,0.0,0.0,0.0,0.0
6034,2018-10-01,1,22.0,25,10,62.16666666666666,56.4,1021.0,998.0333333333332,9.233333333333333,6.266666666666666,11.0,,74.3,56.06666666666666,0.0233333333333333,0.0,0.0,1.0,0.0,0.0,0.0,0.0
987,2019-02-14,4,22.0,15,2,36.0,28.266666666666666,1006.5,982.9666666666668,10.0,7.966666666666666,12.366666666666667,20.4,47.16666666666666,19.933333333333334,0.0033333333333333,1.2,0.0,0.0,0.0,0.0,0.0,0.0
2879,2019-05-11,6,22.0,19,5,47.5,37.66666666666666,1020.2,996.7666666666668,9.966666666666669,4.733333333333333,11.266666666666666,,54.86666666666667,43.53333333333333,0.0033333333333333,0.0,0.0,1.0,0.0,0.0,0.0,0.0
3431,2017-06-05,1,22.0,29,6,69.73333333333333,56.43333333333334,1008.7,986.4,9.733333333333333,8.433333333333334,18.73333333333333,25.0,89.23333333333333,61.1,0.0,0.0,0.0,0.0,0.0,0.0,0.0,0.0
5541,2019-09-09,1,22.0,22,9,66.23333333333333,59.73333333333333,1020.65,998.0,10.0,4.666666666666667,9.9,,77.13333333333334,61.0,0.045,0.0,0.0,1.0,0.0,0.0,0.0,0.0
7712,2016-12-15,4,22.0,19,12,5.066666666666666,-5.8,1029.5,1004.3333333333334,9.966666666666669,11.833333333333334,19.366666666666667,28.933333333333334,14.7,-0.6,0.0,3.5,0.0,0.0,0.0,0.0,0.0,0.0
4576,2017-07-27,4,22.0,22,7,77.10000000000001,69.13333333333333,1012.95,990.7666666666668,7.933333333333334,7.333333333333333,15.666666666666666,20.33333333333333,82.06666666666666,70.2,0.1366666666666667,0.0,0.0,1.0,0.0,0.0,0.0,0.0
5675,2019-09-15,7,22.0,27,9,70.16666666666667,63.13333333333333,1017.65,995.6,9.433333333333332,8.033333333333333,14.966666666666669,22.666666666666668,78.63333333333333,60.9,0.3533333333333333,0.0,0.0,1.0,0.0,0.0,1.0,0.0
4209,2016-07-09,6,22.0,25,7,73.53333333333333,58.26666666666667,1013.95,991.7333333333332,10.0,9.2,14.333333333333334,22.0,84.13333333333334,65.83333333333333,0.0,0.0,0.0,0.0,0.0,0.0,0.0,0.0
3966,2016-06-28,2,22.0,28,6,68.36666666666666,53.8,1019.35,996.9,10.0,9.433333333333334,14.966666666666669,21.33333333333333,81.7,63.5,0.0,0.0,0.0,0.0,0.0,0.0,0.0,0.0
2004,2016-03-31,4,22.0,27,3,60.03333333333333,54.5,996.1,974.4,9.0,16.033333333333335,25.0,39.4,68.16666666666667,50.6,0.3033333333333333,0.0,0.0,1.0,0.0,0.0,1.0,0.0
2090,2018-04-05,4,22.0,17,4,31.566666666666663,18.0,1023.3,999.0,9.666666666666666,6.5,11.7,17.1,41.56666666666667,22.766666666666666,0.005,0.0,0.0,1.0,1.0,0.0,0.0,0.0
5135,2016-08-20,6,22.0,27,8,74.43333333333334,68.06666666666666,1005.95,983.5333333333332,9.233333333333333,8.933333333333332,17.366666666666667,27.96666666666667,81.8,68.66666666666667,0.0266666666666666,0.0,0.0,1.0,0.0,0.0,1.0,0.0
6436,2016-10-18,2,22.0,21,10,73.8,60.9,1002.05,980.1666666666666,10.0,14.2,23.7,34.733333333333334,80.76666666666667,63.5,0.0,0.0,0.0,0.0,0.0,0.0,0.0,0.0
2946,2017-05-14,7,22.0,26,5,62.46666666666667,46.4,1011.45,988.8333333333334,9.966666666666669,5.566666666666666,14.333333333333334,19.5,80.0,49.63333333333333,0.0,0.0,0.0,0.0,0.0,0.0,0.0,0.0
1340,2018-03-02,5,22.0,21,3,36.66666666666666,25.1,1027.85,1003.8666666666668,10.0,5.6000000000000005,10.6,,45.6,30.0,0.3266666666666666,0.0,0.0,0.0,0.0,0.0,0.0,0.0
5475,2019-09-06,5,22.0,22,9,67.0,58.6,1013.7,991.1333333333332,10.0,7.466666666666666,14.0,20.73333333333333,74.10000000000001,59.76666666666667,0.0,0.0,0.0,0.0,0.0,0.0,0.0,0.0
6171,2016-10-06,4,22.0,22,10,66.43333333333334,61.2,1017.45,995.0,8.533333333333333,3.6666666666666665,11.333333333333334,17.0,78.03333333333333,58.4,0.2533333333333333,0.0,0.0,1.0,0.0,0.0,1.0,0.0
2596,2018-04-28,6,22.0,25,4,42.6,30.4,1017.4,993.4,9.966666666666669,12.533333333333331,17.366666666666667,23.0,51.86666666666667,36.63333333333333,0.025,0.0,0.0,1.0,0.0,0.0,0.0,0.0
4844,2018-08-08,3,22.0,31,8,73.5,66.89999999999999,1012.6,990.3666666666668,8.6,3.733333333333333,8.6,,82.03333333333335,67.53333333333333,1.0133333333333334,0.0,0.0,1.0,0.0,0.0,0.0,0.0
5236,2017-08-26,6,22.0,17,8,66.5,52.20000000000001,1023.9,1001.2666666666668,10.0,5.433333333333334,10.6,19.0,77.26666666666667,53.66666666666666,0.0,0.0,0.0,0.0,0.0,0.0,0.0,0.0
3102,2018-05-21,1,22.0,22,5,54.1,51.56666666666666,1019.85,996.4666666666668,6.5,5.933333333333334,12.0,19.03333333333333,66.60000000000001,46.4,0.1366666666666667,0.0,0.0,1.0,0.0,0.0,1.0,0.0
702,2017-02-01,3,22.0,28,2,35.13333333333333,26.433333333333334,1016.25,992.8666666666668,9.866666666666667,9.866666666666667,15.6,23.7,39.43333333333333,31.33333333333333,0.01,0.0,0.0,0.0,0.0,0.0,0.0,0.0
7419,2015-12-03,4,22.0,21,12,33.166666666666664,27.8,1022.2,998.4,8.733333333333333,8.266666666666667,13.0,15.9,38.1,29.633333333333336,0.0733333333333333,0.0,0.0,0.0,0.0,0.0,0.0,0.0
1141,2019-02-21,4,22.0,20,2,31.83333333333333,22.46666666666667,1018.85,994.5,9.866666666666667,11.8,17.366666666666667,27.96666666666667,36.66666666666666,26.33333333333333,0.04,1.2,0.0,0.0,0.0,0.0,0.0,0.0
7485,2015-12-06,7,22.0,20,12,36.63333333333333,31.633333333333336,1028.1,1004.35,7.2,5.266666666666667,9.266666666666667,,47.26666666666667,28.46666666666667,0.0,0.0,0.0,0.0,0.0,0.0,0.0,0.0
3454,2015-06-06,6,22.0,23,6,60.4,50.53333333333333,1020.15,997.3,9.8,8.833333333333334,15.033333333333331,19.33333333333333,70.76666666666667,52.3,0.0,0.0,0.0,0.0,0.0,0.0,0.0,0.0
2396,2017-04-19,3,22.0,20,4,64.13333333333334,54.7,1015.45,992.9666666666668,9.9,8.233333333333333,13.0,20.0,74.60000000000001,46.833333333333336,0.0533333333333333,0.0,0.0,1.0,0.0,0.0,1.0,0.0
7502,2017-12-07,4,22.0,14,12,25.2,14.0,1020.65,996.4333333333334,9.333333333333334,10.966666666666669,15.3,20.33333333333333,33.1,18.966666666666665,0.0,0.0,0.0,0.0,1.0,0.0,0.0,0.0
4727,2019-08-03,6,22.0,29,8,74.63333333333334,59.0,1018.1,995.7999999999998,10.0,2.6666666666666665,7.633333333333333,,88.06666666666666,60.73333333333333,0.0,0.0,0.0,0.0,0.0,0.0,0.0,0.0
151,2015-01-07,3,22.0,18,1,4.6000000000000005,-6.666666666666667,1034.9499999999998,1009.1666666666666,9.933333333333334,14.766666666666666,20.366666666666667,27.3,11.1,-1.633333333333333,0.0033333333333333,2.55,0.0,0.0,1.0,0.0,0.0,0.0
5858,2018-09-23,7,22.0,24,9,59.3,49.03333333333333,1021.55,998.5,9.966666666666669,3.8,9.966666666666669,14.95,70.53333333333333,49.06666666666666,0.0,0.0,0.0,0.0,0.0,0.0,0.0,0.0
1693,2018-03-18,7,22.0,22,3,38.63333333333333,22.46666666666667,1017.3,993.6,10.0,2.3666666666666667,6.666666666666667,,55.66666666666666,25.03333333333333,0.0033333333333333,0.0,0.0,0.0,0.0,0.0,0.0,0.0
2374,2015-04-18,6,22.0,22,4,59.7,43.2,1016.65,993.9333333333334,9.9,6.6000000000000005,16.400000000000002,21.066666666666663,78.56666666666666,45.2,0.0,0.0,0.0,0.0,0.0,0.0,0.0,0.0
5193,2015-08-24,1,22.0,23,8,65.83333333333333,49.333333333333336,1013.15,990.7666666666668,10.0,11.0,20.33333333333333,30.633333333333336,77.53333333333333,55.66666666666666,0.03,0.0,0.0,0.0,0.0,0.0,0.0,0.0
1252,2017-02-26,7,22.0,13,2,31.83333333333333,17.666666666666668,1016.8,992.9666666666668,10.0,11.3,22.33333333333333,33.03333333333333,48.73333333333333,20.9,0.0,0.0,0.0,0.0,0.0,0.0,0.0,0.0
5304,2015-08-29,6,22.0,21,8,68.86666666666666,62.6,1016.8,994.2666666666668,8.933333333333334,5.033333333333333,10.266666666666667,15.0,74.36666666666667,57.26666666666667,0.2533333333333333,0.0,0.0,1.0,0.0,0.0,0.0,0.0
1802,2015-03-23,1,22.0,17,3,30.366666666666664,23.9,1025.45,1001.1666666666666,6.333333333333333,9.9,14.366666666666667,19.666666666666668,36.8,28.166666666666668,0.1166666666666666,4.1,1.0,0.0,1.0,0.0,0.0,0.0
1318,2015-03-01,7,22.0,28,3,20.2,14.8,1030.5,1006.0333333333332,6.533333333333334,4.433333333333334,12.0,,26.2,14.8,0.02,6.9,0.0,0.0,1.0,0.0,0.0,0.0
5770,2018-09-19,3,22.0,33,9,70.06666666666666,62.23333333333333,1015.7,993.1333333333332,9.9,7.366666666666666,13.333333333333334,17.0,78.5,66.13333333333334,0.0,0.0,0.0,1.0,0.0,0.0,0.0,0.0
7304,2017-11-28,2,22.0,20,11,54.73333333333333,36.3,1012.5,989.9333333333334,10.0,14.1,19.7,27.4,61.73333333333333,49.7,0.0,0.0,0.0,0.0,0.0,0.0,0.0,0.0
6473,2015-10-21,3,22.0,21,10,64.26666666666667,49.63333333333333,1018.55,996.0666666666666,9.966666666666669,9.366666666666667,16.733333333333334,24.76666666666667,76.39999999999999,52.8,0.0766666666666666,0.0,0.0,1.0,0.0,0.0,0.0,0.0
1207,2019-02-24,7,22.0,15,2,36.86666666666667,31.766666666666666,1000.75,976.6666666666666,7.7,18.6,32.93333333333333,47.66666666666666,50.3,22.46666666666667,0.4366666666666667,0.0,1.0,1.0,0.0,0.0,1.0,0.0
2948,2018-05-14,1,22.0,22,5,62.7,56.43333333333334,1012.8,990.1,8.066666666666666,6.733333333333334,19.0,29.0,84.83333333333333,49.66666666666666,0.2733333333333334,0.0,0.0,1.0,0.0,0.0,1.0,0.0
7747,2019-12-18,3,22.0,24,12,21.0,8.133333333333333,1024.25,666.0,9.766666666666667,8.799999999999999,15.6,20.666666666666668,28.366666666666664,12.733333333333334,0.0,0.0,0.0,0.0,1.0,0.0,0.0,0.0
2793,2015-05-07,4,22.0,34,5,68.89999999999999,52.5,1016.5,994.0666666666666,9.533333333333331,7.5,19.666666666666668,27.0,84.66666666666667,48.43333333333334,0.0,0.0,0.0,0.0,0.0,0.0,0.0,0.0
1142,2018-02-21,3,22.0,17,2,33.0,27.633333333333336,1031.25,1004.4666666666668,8.766666666666667,9.366666666666667,14.0,20.0,46.5,28.4,1.1666666666666667,0.0,0.0,1.0,1.0,0.0,0.0,0.0
3322,2018-05-31,4,22.0,26,5,76.96666666666667,67.8,1003.05,981.2333333333332,9.833333333333334,8.4,15.966666666666669,24.03333333333333,89.13333333333333,67.76666666666667,0.56,0.0,0.0,1.0,0.0,0.0,1.0,0.0
5962,2019-09-28,6,22.0,19,9,63.03333333333333,61.16666666666666,1015.8,991.5,6.666666666666667,8.933333333333334,17.76666666666667,31.03333333333333,70.0,57.63333333333333,2.9033333333333338,0.0,0.0,1.0,0.0,0.0,1.0,0.0
5431,2019-09-04,3,22.0,29,9,68.06666666666666,58.23333333333333,1015.85,993.4666666666668,10.0,7.766666666666667,13.366666666666667,21.366666666666664,80.03333333333333,60.03333333333333,0.1133333333333333,0.0,0.0,0.0,0.0,0.0,0.0,0.0
3173,2016-05-23,1,22.0,22,5,65.76666666666667,41.7,1015.6,993.0333333333332,10.0,4.833333333333333,11.966666666666669,15.9,82.16666666666667,48.63333333333333,0.0,0.0,0.0,0.0,0.0,0.0,0.0,0.0
4180,2015-07-09,4,22.0,24,7,64.7,57.2,1014.65,991.7,6.066666666666666,6.2,10.7,15.0,73.86666666666667,56.36666666666667,0.04,0.0,0.0,1.0,0.0,0.0,0.0,0.0
1735,2019-03-20,3,22.0,25,3,41.3,33.5,1020.4,996.0333333333332,8.3,6.633333333333333,12.666666666666666,21.03333333333333,46.66666666666666,35.300000000000004,0.0466666666666666,0.0,0.0,1.0,0.0,0.0,0.0,0.0
3569,2016-06-10,5,22.0,28,6,75.5,62.366666666666674,1013.4,991.1666666666666,9.833333333333334,7.633333333333333,18.066666666666663,24.433333333333337,92.06666666666666,60.8,0.185,0.0,0.0,1.0,0.0,0.0,1.0,0.0
4095,2018-07-05,4,22.0,29,7,79.7,72.86666666666667,1022.4,1000.2333333333332,8.566666666666666,5.633333333333333,19.366666666666667,26.666666666666668,92.9,72.7,0.6133333333333333,0.0,0.0,1.0,0.0,0.0,1.0,0.0
3803,2019-06-22,6,22.0,20,6,67.5,55.7,1015.65,992.9666666666668,10.0,7.833333333333333,17.433333333333334,22.633333333333336,80.06666666666666,56.9,0.0,0.0,0.0,1.0,0.0,0.0,0.0,0.0
2881,2015-05-11,1,22.0,33,5,57.63333333333333,53.36666666666667,1012.1,988.9,7.3,8.6,19.7,27.633333333333336,69.46666666666665,45.53333333333333,0.0866666666666666,0.0,1.0,1.0,0.0,0.0,0.0,0.0
1295,2019-02-28,4,22.0,26,2,20.066666666666663,10.166666666666666,1025.15,333.93333333333334,10.0,4.9,12.966666666666669,20.0,27.366666666666664,12.766666666666666,0.0033333333333333,0.0,0.0,0.0,0.0,0.0,0.0,0.0
3740,2015-06-19,5,22.0,30,6,61.73333333333333,52.43333333333334,1017.55,994.6333333333332,9.966666666666669,9.533333333333331,13.966666666666669,19.05,80.96666666666667,55.23333333333333,0.25,0.0,0.0,0.0,0.0,0.0,0.0,0.0
2308,2015-04-15,3,22.0,19,4,54.43333333333334,26.3,1023.9,1000.3,10.0,8.033333333333333,16.033333333333335,21.0,67.03333333333335,40.46666666666667,0.0,0.0,0.0,0.0,0.0,0.0,0.0,0.0
3583,2019-06-12,3,22.0,22,6,68.16666666666667,48.7,1013.05,990.7666666666668,9.833333333333334,8.233333333333334,15.033333333333331,24.366666666666664,78.43333333333334,58.76666666666667,0.01,0.0,0.0,1.0,0.0,0.0,0.0,0.0
3875,2018-06-25,1,22.0,29,6,69.33333333333333,61.6,1018.4,995.7333333333332,9.133333333333333,9.2,14.666666666666666,19.366666666666667,79.73333333333333,62.23333333333333,0.0,0.0,0.0,0.0,0.0,0.0,0.0,0.0
129,2017-01-06,5,22.0,26,1,5.5,-5.3,1024.2,999.0,10.0,8.7,12.7,19.0,12.0,0.5,0.0,0.0,0.0,0.0,0.0,0.0,0.0,0.0
658,2017-01-30,1,22.0,31,1,23.166666666666668,10.8,1014.35,990.3,10.0,8.566666666666666,16.333333333333332,24.0,31.03333333333333,15.633333333333333,0.0,0.0,0.0,0.0,1.0,0.0,0.0,0.0
2131,2019-04-07,7,22.0,15,4,58.26666666666667,49.7,1013.6,990.1,9.766666666666667,6.3,17.033333333333335,29.0,69.5,47.2,0.0033333333333333,0.0,0.0,1.0,0.0,0.0,1.0,0.0
4246,2017-07-12,3,22.0,25,7,75.93333333333334,69.76666666666667,1011.5,989.7666666666668,9.266666666666667,8.133333333333333,16.7,23.7,81.86666666666666,68.53333333333333,0.3699999999999999,0.0,0.0,1.0,0.0,0.0,1.0,0.0
7514,2016-12-06,2,22.0,24,12,33.13333333333333,30.5,1012.1,987.8666666666668,4.8,5.4,18.0,22.899999999999995,39.86666666666667,26.766666666666666,0.0,1.6,0.0,0.0,0.0,0.0,0.0,0.0
856,2018-02-08,4,22.0,20,2,13.4,6.2,1031.6999999999998,1006.8333333333334,9.4,6.0,10.933333333333332,,20.633333333333333,6.266666666666667,0.025,3.1,0.0,0.0,1.0,0.0,0.0,0.0
7047,2018-11-16,5,22.0,17,11,33.9,28.03333333333333,1013.5,989.8333333333334,7.833333333333333,9.4,14.333333333333334,21.3,40.8,27.83333333333333,0.075,0.0,0.0,0.0,1.0,0.0,0.0,0.0
7062,2017-11-17,5,22.0,18,11,38.56666666666666,31.73333333333333,1019.7,995.2,9.6,9.0,16.7,21.96666666666667,45.0,34.03333333333333,0.0,0.0,0.0,1.0,0.0,0.0,1.0,0.0
6952,2017-11-12,7,22.0,17,11,37.8,31.03333333333333,1026.2,1002.3,8.933333333333334,2.833333333333333,7.666666666666667,,40.333333333333336,32.7,0.01,0.0,0.0,1.0,0.0,0.0,0.0,0.0
2747,2019-05-05,7,22.0,25,5,57.1,40.56666666666666,1012.05,989.2666666666668,10.0,4.133333333333334,11.0,16.400000000000002,72.83333333333333,39.93333333333333,0.0,0.0,0.0,0.0,0.0,0.0,0.0,0.0
7045,2015-11-16,1,22.0,32,11,51.2,34.63333333333333,1020.9,997.9333333333334,10.0,8.6,16.633333333333333,21.933333333333334,61.333333333333336,42.76666666666667,0.0,0.0,0.0,1.0,0.0,0.0,0.0,0.0
4815,2019-08-07,3,22.0,34,8,76.06666666666666,62.76666666666667,1009.45,987.3666666666668,9.933333333333334,4.433333333333334,12.666666666666666,18.73333333333333,87.8,64.93333333333334,0.0,0.0,0.0,0.0,0.0,0.0,0.0,0.0
5462,2018-09-05,3,22.0,24,9,81.89999999999999,68.13333333333333,1017.7,995.7666666666668,10.0,9.066666666666666,16.0,23.0,91.43333333333334,72.63333333333334,0.0,0.0,0.0,0.0,0.0,0.0,0.0,0.0
2573,2015-04-27,1,22.0,25,4,46.86666666666667,30.9,1018.8,995.3666666666668,10.0,10.466666666666669,16.733333333333334,23.066666666666663,54.96666666666667,37.03333333333333,0.0,0.0,0.0,0.0,0.0,0.0,0.0,0.0
1671,2018-03-17,6,22.0,25,3,35.86666666666667,25.2,1015.75,991.8666666666668,9.566666666666666,8.6,13.266666666666666,,44.3,31.100000000000005,0.1033333333333333,0.0,0.0,1.0,1.0,0.0,0.0,0.0
3849,2017-06-24,6,22.0,23,6,69.60000000000001,51.53333333333333,1012.15,989.7333333333332,10.0,10.566666666666666,18.4,25.73333333333333,80.06666666666666,60.76666666666667,0.0333333333333333,0.0,0.0,0.0,0.0,0.0,0.0,0.0
5785,2019-09-20,5,22.0,23,9,74.66666666666667,64.63333333333334,1018.35,996.0666666666666,9.766666666666667,2.5,7.666666666666667,,85.16666666666667,66.03333333333333,0.01,0.0,0.0,1.0,0.0,0.0,0.0,0.0
3539,2019-06-10,1,22.0,25,6,67.06666666666666,55.1,1016.65,993.4333333333334,7.866666666666667,9.266666666666667,17.033333333333335,27.633333333333336,74.33333333333333,61.06666666666666,0.01,0.0,0.0,0.0,0.0,0.0,0.0,0.0
6209,2015-10-09,5,22.0,29,10,61.06666666666666,51.7,1017.15,993.9666666666668,9.833333333333334,9.633333333333333,14.966666666666669,21.33333333333333,78.10000000000001,50.6,0.05,0.0,0.0,1.0,0.0,0.0,0.0,0.0
239,2019-01-11,5,22.0,17,1,25.566666666666663,18.7,1029.25,4.766666666666667,9.666666666666666,3.5,8.633333333333333,18.1,30.666666666666668,19.866666666666667,0.0,0.0,0.0,0.0,0.0,0.0,0.0,0.0
2357,2016-04-16,6,22.0,13,4,58.6,38.63333333333333,1024.7,1001.5,9.933333333333334,5.166666666666667,12.333333333333334,,76.86666666666667,43.63333333333333,0.0,0.0,0.0,0.0,0.0,0.0,0.0,0.0
6424,2019-10-19,6,22.0,21,10,53.86666666666667,40.7,1010.5,987.5333333333334,10.0,6.133333333333333,12.333333333333334,19.7,69.03333333333333,41.8,0.0,0.0,0.0,0.0,0.0,0.0,0.0,0.0
592,2017-01-27,5,22.0,27,1,28.46666666666667,21.53333333333333,1013.2,989.5,9.833333333333334,11.833333333333334,18.0,25.066666666666663,33.03333333333333,25.23333333333333,0.0,0.0,0.0,0.0,1.0,0.0,0.0,0.0
3122,2017-05-22,1,22.0,29,5,58.1,43.93333333333334,1015.5,992.8,10.0,11.566666666666668,17.966666666666665,25.366666666666664,74.46666666666667,47.46666666666667,0.04,0.0,0.0,0.0,0.0,0.0,0.0,0.0
746,2015-02-03,2,22.0,25,2,14.333333333333334,8.533333333333333,1023.0,998.0,9.2,6.8,11.4,,25.53333333333333,3.0666666666666664,0.0166666666666666,16.9,1.0,0.0,1.0,0.0,0.0,0.0
3151,2016-05-22,7,22.0,23,5,64.43333333333334,40.96666666666667,1017.9,995.2,10.0,5.166666666666667,10.7,,76.16666666666667,50.2,0.0,0.0,0.0,0.0,0.0,0.0,0.0,0.0
4529,2019-07-25,4,22.0,14,7,72.16666666666667,54.03333333333333,1021.05,998.7333333333332,10.0,3.4,7.633333333333333,15.9,84.26666666666667,60.7,0.0,0.0,0.0,0.0,0.0,0.0,0.0,0.0
6891,2015-11-09,1,22.0,26,11,42.3,28.53333333333333,1025.35,1001.7999999999998,9.4,2.2666666666666666,7.0,,55.56666666666666,29.3,0.0,0.0,0.0,0.0,0.0,0.0,0.0,0.0
6364,2018-10-16,2,22.0,24,10,42.833333333333336,29.366666666666664,1021.85,998.4333333333334,9.966666666666669,9.2,19.7,29.0,58.03333333333333,32.266666666666666,0.06,0.0,0.0,0.0,0.0,0.0,0.0,0.0
6710,2017-11-01,3,22.0,33,11,38.7,29.83333333333333,1017.2,993.0666666666666,9.633333333333333,6.733333333333333,12.033333333333331,17.0,43.73333333333333,34.93333333333333,0.0233333333333333,0.0,0.0,1.0,0.0,0.0,0.0,0.0
2088,2015-04-05,7,22.0,23,4,53.8,23.4,1018.2,995.3333333333334,10.0,10.0,17.266666666666666,24.76666666666667,66.96666666666667,44.86666666666667,0.0,0.0,0.0,0.0,0.0,0.0,0.0,0.0
7003,2018-11-14,3,22.0,19,11,25.03333333333333,13.4,1034.55,1009.9,10.0,4.266666666666667,7.666666666666667,,35.86666666666667,17.766666666666666,0.0,0.0,0.0,0.0,0.0,0.0,0.0,0.0
6468,2019-10-21,1,22.0,28,10,57.2,52.03333333333333,1003.65,983.6666666666666,7.166666666666667,11.133333333333333,24.33333333333333,38.3,67.33333333333333,49.46666666666667,0.0,0.0,1.0,1.0,0.0,0.0,0.0,0.0
3437,2016-06-04,6,22.0,23,6,69.89999999999999,57.8,1011.2,988.8333333333334,9.333333333333334,6.433333333333334,12.0,20.0,81.63333333333334,60.9,0.03,0.0,0.0,1.0,0.0,0.0,0.0,0.0
6122,2018-10-05,5,22.0,17,10,57.29999999999999,51.6,1017.25,994.2333333333332,8.266666666666667,7.666666666666667,14.3,18.366666666666667,65.7,52.6,0.2866666666666667,0.0,0.0,1.0,0.0,0.0,0.0,0.0
4881,2019-08-10,6,22.0,30,8,73.3,56.6,1015.0,992.7666666666668,10.0,3.5666666666666664,10.3,15.9,85.7,62.366666666666674,0.0,0.0,0.0,0.0,0.0,0.0,0.0,0.0
812,2018-02-06,2,22.0,16,2,11.866666666666667,6.1000000000000005,1029.0500000000002,1003.4,7.666666666666667,3.6,7.966666666666666,,20.9,-0.8666666666666668,0.1466666666666666,3.1,1.0,0.0,1.0,0.0,0.0,0.0
2268,2016-04-12,2,22.0,38,4,40.23333333333333,22.366666666666664,1025.15,1001.4333333333334,10.0,6.4,11.966666666666669,16.0,49.63333333333333,31.1,0.0,0.0,0.0,0.0,0.0,0.0,0.0,0.0
4029,2018-07-02,1,22.0,31,7,76.53333333333335,65.66666666666667,1014.7,992.6,10.0,5.733333333333333,10.6,18.55,84.93333333333334,69.76666666666667,0.0833333333333333,0.0,0.0,0.0,0.0,0.0,0.0,0.0
3608,2015-06-13,6,22.0,31,6,67.26666666666667,61.13333333333333,1013.05,990.6,5.933333333333334,5.466666666666666,12.4,18.55,86.16666666666667,56.0,0.1033333333333333,0.0,1.0,1.0,0.0,0.0,1.0,0.0
2024,2018-04-02,1,22.0,31,4,31.866666666666664,16.900000000000002,1019.85,995.9,10.0,5.266666666666667,12.666666666666666,16.033333333333335,44.26666666666667,20.23333333333333,0.0,0.0,0.0,0.0,0.0,0.0,0.0,0.0
833,2019-02-07,4,22.0,15,2,36.13333333333333,35.1,1010.5,986.0666666666666,4.133333333333334,8.0,23.33333333333333,35.93333333333333,46.53333333333333,29.83333333333333,0.3466666666666667,0.0,1.0,1.0,0.0,0.0,1.0,0.0
3349,2016-05-31,2,22.0,24,5,72.96666666666667,56.8,1014.5,992.2333333333332,9.5,6.766666666666667,21.7,33.733333333333334,86.3,63.93333333333334,0.0566666666666666,0.0,0.0,1.0,0.0,0.0,1.0,0.0
5548,2015-09-09,3,22.0,24,9,70.83333333333333,62.23333333333333,1013.7,991.2,9.766666666666667,5.733333333333333,11.0,14.0,85.96666666666665,66.66666666666667,0.6766666666666667,0.0,0.0,0.0,0.0,0.0,0.0,0.0
19,2019-01-01,2,22.0,32,1,32.266666666666666,29.666666666666668,1019.8,995.7666666666668,7.8,8.366666666666667,16.7,24.666666666666668,39.36666666666667,27.8,0.6699999999999999,0.0,0.0,1.0,1.0,0.0,0.0,0.0
944,2017-02-12,7,22.0,18,2,40.4,29.46666666666667,1016.75,993.0333333333332,9.533333333333331,12.266666666666666,26.0,38.66666666666666,48.8,35.6,0.0,0.0,0.0,0.0,0.0,0.0,0.0,0.0
4888,2018-08-10,5,22.0,19,8,76.5,68.33333333333333,1013.0,990.7333333333332,9.566666666666666,6.333333333333333,14.733333333333334,23.0,85.63333333333333,69.16666666666667,0.25,0.0,0.0,1.0,0.0,0.0,1.0,0.0
6600,2017-10-27,5,22.0,21,10,44.833333333333336,33.86666666666667,1006.8,984.1666666666666,10.0,13.133333333333333,19.0,27.96666666666667,57.86666666666667,37.766666666666666,0.0,0.0,0.0,0.0,0.0,0.0,0.0,0.0
3919,2018-06-27,3,22.0,29,6,72.8,68.03333333333335,1007.8,985.5666666666666,9.366666666666667,7.1000000000000005,12.333333333333334,18.73333333333333,80.06666666666666,68.3,0.71,0.0,0.0,1.0,0.0,0.0,1.0,0.0
5245,2016-08-25,4,22.0,22,8,76.4,69.13333333333333,1014.85,992.5666666666666,9.966666666666669,5.8,9.966666666666669,15.9,84.43333333333334,70.46666666666667,0.26,0.0,0.0,1.0,0.0,0.0,1.0,0.0
328,2018-01-15,1,22.0,15,1,18.666666666666668,14.6,1024.3,1000.0,2.7,10.066666666666666,16.0,21.7,24.266666666666666,9.966666666666669,0.09,1.6,0.0,0.0,1.0,0.0,0.0,0.0
5680,2015-09-15,2,22.0,23,9,71.89999999999999,53.03333333333333,1020.6,998.3,10.0,9.966666666666669,15.0,22.33333333333333,82.2,52.03333333333333,0.0,0.0,0.0,0.0,0.0,0.0,0.0,0.0
3124,2018-05-22,2,22.0,25,5,59.3,56.36666666666667,1016.35,993.3,3.9333333333333336,3.6,9.933333333333334,,67.4,52.63333333333333,1.1566666666666665,0.0,1.0,1.0,0.0,0.0,0.0,0.0
6849,2018-11-07,3,22.0,18,11,38.3,27.7,1018.45,994.6,9.966666666666669,14.3,21.96666666666667,31.366666666666664,44.333333333333336,35.2,0.01,0.0,0.0,1.0,0.0,0.0,0.0,0.0
3190,2015-05-25,1,22.0,23,5,72.83333333333333,61.8,1011.55,989.3666666666668,9.566666666666668,13.266666666666666,21.3,29.33333333333333,79.60000000000001,59.66666666666666,0.2866666666666667,0.0,0.0,1.0,0.0,0.0,0.0,0.0
3787,2018-06-21,4,22.0,16,6,66.23333333333333,63.93333333333334,1008.6,986.1,5.1000000000000005,8.700000000000001,14.3,20.03333333333333,71.66666666666667,64.26666666666667,0.2233333333333333,0.0,0.0,1.0,0.0,0.0,0.0,0.0
3605,2019-06-13,4,22.0,14,6,57.93333333333334,48.93333333333334,1010.55,987.4,9.733333333333333,11.566666666666668,20.0,27.633333333333336,68.2,51.63333333333333,0.5166666666666667,0.0,0.0,1.0,0.0,0.0,0.0,0.0
6534,2017-10-24,2,22.0,21,10,47.5,44.66666666666666,1003.0,979.8,8.9,10.9,17.033333333333335,25.0,53.1,43.4,0.5266666666666667,0.0,0.0,1.0,0.0,0.0,0.0,0.0
679,2019-01-31,4,22.0,23,1,-13.466666666666669,-22.433333333333334,1031.75,5.533333333333334,9.6,6.3,11.633333333333333,19.0,-2.6,-22.066666666666663,0.0,6.9,0.0,0.0,1.0,0.0,0.0,0.0
7932,2016-12-25,7,22.0,30,12,33.46666666666667,30.899999999999995,1028.75,1004.1333333333332,4.966666666666667,8.866666666666667,16.333333333333332,21.03333333333333,36.2,32.36666666666667,0.02,1.2,0.0,1.0,0.0,0.0,0.0,0.0
5989,2015-09-29,2,22.0,25,9,66.0,59.63333333333333,1014.7,992.4666666666668,9.333333333333334,8.733333333333334,19.0,26.666666666666668,78.7,59.36666666666667,0.0,0.0,0.0,1.0,0.0,0.0,0.0,0.0
3187,2019-05-25,6,22.0,24,5,74.96666666666667,64.60000000000001,1011.9,989.7666666666668,10.0,9.6,15.9,27.0,82.10000000000001,63.4,0.04,0.0,0.0,1.0,0.0,0.0,0.0,0.0
5346,2017-08-31,4,22.0,23,8,69.26666666666667,59.36666666666667,1019.2,996.5,9.9,9.633333333333333,16.066666666666666,21.633333333333336,77.10000000000001,62.0,0.0,0.0,0.0,0.0,0.0,0.0,0.0,0.0
6253,2015-10-11,7,22.0,27,10,60.9,45.43333333333334,1010.85,988.5,10.0,9.066666666666668,16.3,24.03333333333333,79.0,41.5,0.0,0.0,0.0,0.0,0.0,0.0,0.0,0.0
5440,2018-09-04,2,22.0,31,9,78.89999999999999,69.43333333333334,1020.55,998.3666666666668,9.966666666666669,6.4,11.3,16.333333333333332,91.86666666666667,70.3,0.945,0.0,0.0,0.0,0.0,0.0,0.0,0.0
3900,2016-06-25,6,22.0,28,6,77.36666666666667,61.1,1017.25,995.0333333333332,10.0,6.4,12.666666666666666,18.33333333333333,89.73333333333333,65.7,0.0,0.0,0.0,0.0,0.0,0.0,0.0,0.0
3014,2018-05-17,4,22.0,27,5,62.5,50.13333333333333,1016.2,993.5333333333334,9.666666666666666,5.266666666666667,13.666666666666666,15.0,74.60000000000001,51.1,0.0,0.0,0.0,0.0,0.0,0.0,0.0,0.0
5720,2017-09-17,7,22.0,23,9,76.46666666666667,63.36666666666667,1016.2,994.0666666666666,9.966666666666669,6.266666666666666,11.4,20.0,87.93333333333334,66.26666666666667,0.0,0.0,0.0,0.0,0.0,0.0,0.0,0.0
1493,2019-03-09,6,22.0,24,3,33.93333333333333,28.266666666666666,1015.75,989.8666666666668,7.833333333333333,9.9,22.366666666666664,33.36666666666667,41.833333333333336,24.83333333333333,0.09,0.0,0.0,1.0,0.0,0.0,0.0,0.0
6651,2018-10-29,1,22.0,23,10,46.4,38.43333333333334,1016.5,993.0333333333332,9.933333333333334,5.7,11.4,17.6,55.8,37.73333333333333,0.0133333333333333,0.0,0.0,1.0,0.0,0.0,0.0,0.0
6326,2016-10-13,4,22.0,21,10,48.9,38.86666666666667,1024.9,1000.7666666666668,9.9,6.3,13.366666666666667,17.966666666666665,61.53333333333333,39.53333333333333,0.32,0.0,0.0,1.0,0.0,0.0,0.0,0.0
901,2016-02-10,3,22.0,18,2,14.666666666666666,3.533333333333333,1017.35,992.4666666666668,9.6,10.4,14.333333333333334,21.0,19.8,9.966666666666669,0.01,1.2,0.0,0.0,1.0,0.0,0.0,0.0
1674,2016-03-16,3,22.0,33,3,54.03333333333333,41.86666666666667,1000.2,977.3333333333334,9.533333333333331,20.33333333333333,31.03333333333333,44.76666666666667,60.2,47.833333333333336,0.1433333333333333,0.0,0.0,1.0,0.0,0.0,1.0,0.0
5259,2015-08-27,4,22.0,23,8,63.76666666666667,52.93333333333334,1021.45,998.6333333333332,9.933333333333334,2.8666666666666667,9.3,,74.39999999999999,53.36666666666667,0.0,0.0,0.0,0.0,0.0,0.0,0.0,0.0
1758,2017-03-21,2,22.0,22,3,42.76666666666667,30.766666666666666,1021.45,997.9666666666668,9.833333333333334,8.1,15.033333333333331,20.33333333333333,53.43333333333334,34.06666666666667,0.0,0.0,0.0,0.0,0.0,0.0,0.0,0.0
5632,2017-09-13,3,22.0,27,9,65.76666666666667,59.46666666666667,1008.55,986.1,9.466666666666669,4.166666666666667,8.6,,73.63333333333334,59.3,0.0033333333333333,0.0,0.0,1.0,0.0,0.0,0.0,0.0
7106,2017-11-19,7,22.0,20,11,34.9,24.066666666666663,1014.75,990.4666666666668,10.0,12.466666666666669,18.966666666666665,25.73333333333333,42.5,30.066666666666663,0.64,0.0,0.0,0.0,0.0,0.0,0.0,0.0
3563,2017-06-11,7,22.0,18,6,81.2,56.1,1011.3,989.5333333333332,10.0,13.4,18.7,26.33333333333333,92.93333333333334,67.93333333333334,0.0,0.0,0.0,0.0,0.0,0.0,0.0,0.0
2373,2019-04-18,4,22.0,18,4,58.63333333333333,52.03333333333333,1001.95,979.6333333333332,8.066666666666666,10.2,17.966666666666665,28.666666666666668,74.76666666666667,44.53333333333333,0.12,0.0,0.0,1.0,0.0,0.0,0.0,0.0
2731,2016-05-03,2,22.0,20,5,52.96666666666667,35.96666666666667,1013.95,990.9,10.0,5.0,14.3,20.0,67.10000000000001,39.5,0.0,0.0,0.0,0.0,0.0,0.0,0.0,0.0
1186,2018-02-23,5,22.0,24,2,40.16666666666666,37.333333333333336,1024.3,1000.0666666666666,7.166666666666667,9.733333333333334,16.966666666666665,23.0,44.56666666666666,35.0,0.0733333333333333,0.0,0.0,1.0,0.0,0.0,0.0,0.0
1229,2019-02-25,1,22.0,23,2,14.866666666666667,1.5666666666666669,1027.25,2.566666666666667,10.0,13.866666666666667,28.066666666666663,41.96666666666667,23.1,7.599999999999999,0.01,0.0,0.0,0.0,0.0,0.0,0.0,0.0
6847,2015-11-07,6,22.0,14,11,45.06666666666666,34.333333333333336,1024.25,1000.6666666666666,9.866666666666667,8.200000000000001,17.1,22.899999999999995,65.7,36.266666666666666,0.0,0.0,0.0,0.0,0.0,0.0,0.0,0.0
5654,2017-09-14,4,22.0,28,9,66.7,60.46666666666667,1010.25,988.0,6.733333333333333,3.0666666666666664,7.666666666666667,,79.8,56.66666666666666,0.06,0.0,1.0,0.0,0.0,0.0,0.0,0.0
1845,2019-03-25,1,22.0,21,3,36.833333333333336,26.9,1024.1,666.4,9.766666666666667,14.866666666666667,19.7,29.0,45.26666666666667,33.46666666666667,0.08,0.0,0.0,1.0,0.0,0.0,0.0,0.0
7637,2019-12-13,5,22.0,25,12,39.13333333333333,27.866666666666664,1015.1,991.7,10.0,6.1000000000000005,13.033333333333331,21.366666666666664,44.56666666666666,35.300000000000004,0.0,0.0,0.0,0.0,0.0,0.0,0.0,0.0
7858,2019-12-23,1,22.0,22,12,41.766666666666666,32.1,1018.9,995.6,9.566666666666666,7.3,11.733333333333334,18.633333333333333,53.2,33.233333333333334,0.0,0.0,0.0,0.0,0.0,0.0,0.0,0.0
6886,2017-11-09,4,22.0,26,11,37.96666666666667,27.1,1021.75,998.1,10.0,8.066666666666666,16.633333333333336,23.066666666666663,47.03333333333333,30.26666666666667,0.0,0.0,0.0,0.0,0.0,0.0,0.0,0.0
1428,2015-03-06,5,22.0,22,3,12.233333333333334,2.2333333333333334,1031.65,1007.0333333333332,10.0,9.833333333333334,18.73333333333333,25.7,26.4,0.6333333333333332,0.0,5.5,0.0,0.0,0.0,0.0,0.0,0.0
2864,2016-05-09,1,22.0,19,5,55.66666666666666,44.833333333333336,1014.2,991.3333333333334,9.7,8.933333333333332,17.033333333333335,23.33333333333333,66.03333333333333,48.03333333333333,0.0033333333333333,0.0,0.0,1.0,0.0,0.0,0.0,0.0
547,2019-01-25,5,22.0,22,1,2.7999999999999994,-4.533333333333333,1023.25,997.9666666666668,8.866666666666667,11.933333333333332,18.4,27.33333333333333,18.7,-4.733333333333333,0.0,5.1,0.0,0.0,1.0,0.0,0.0,0.0
1538,2017-03-11,6,22.0,11,3,23.866666666666664,-2.2666666666666666,1032.65,1008.0666666666666,10.0,7.666666666666667,12.633333333333333,17.5,31.566666666666663,18.03333333333333,0.0,0.0,0.0,0.0,0.0,0.0,0.0,0.0
4291,2015-07-14,2,22.0,21,7,76.10000000000001,65.8,1002.55,980.4666666666668,9.933333333333334,8.766666666666667,15.366666666666667,23.33333333333333,86.43333333333334,68.36666666666666,0.34,0.0,0.0,1.0,0.0,0.0,1.0,0.0
680,2017-01-31,2,22.0,21,1,37.06666666666667,29.5,1005.0,980.9333333333334,9.666666666666666,14.033333333333331,22.366666666666664,29.03333333333333,40.93333333333333,26.0,0.025,0.0,0.0,1.0,0.0,0.0,0.0,0.0
7854,2017-12-23,6,22.0,28,12,32.300000000000004,23.33333333333333,1019.35,994.7666666666668,8.933333333333332,8.0,11.966666666666669,15.9,38.03333333333333,25.4,0.0,0.0,0.0,0.0,0.0,0.0,0.0,0.0
8030,2017-12-31,7,22.0,17,12,0.5,-8.366666666666667,1032.9,1007.2333333333332,10.0,6.666666666666667,7.966666666666666,,1.6666666666666667,-0.7999999999999999,0.0,2.0,0.0,0.0,0.0,0.0,0.0,0.0
3981,2017-06-30,5,22.0,20,6,72.8,66.3,1009.4,987.4666666666668,8.233333333333334,5.3,10.6,14.0,83.03333333333335,64.86666666666667,0.2333333333333333,0.0,0.0,1.0,0.0,0.0,1.0,0.0
1231,2016-02-25,4,22.0,25,2,33.43333333333333,24.73333333333333,1011.35,986.8666666666668,7.533333333333334,14.4,22.03333333333333,34.0,36.46666666666667,31.1,0.095,1.2,0.0,0.0,1.0,0.0,0.0,0.0
2244,2018-04-12,4,22.0,24,4,58.63333333333333,43.13333333333333,1005.9,983.2,9.333333333333334,10.933333333333332,19.33333333333333,27.0,74.86666666666666,44.6,0.05,0.0,0.0,1.0,0.0,0.0,0.0,0.0
3985,2018-06-30,6,22.0,30,6,86.06666666666666,76.53333333333335,1012.5,990.9333333333334,10.0,9.266666666666667,14.966666666666669,21.066666666666663,94.46666666666664,75.8,0.0,0.0,0.0,0.0,0.0,0.0,0.0,0.0
6935,2015-11-11,3,22.0,19,11,48.53333333333333,35.96666666666667,1011.9,989.0666666666666,9.966666666666669,7.7,19.366666666666667,28.3,63.333333333333336,34.43333333333333,0.0,0.0,0.0,0.0,0.0,0.0,0.0,0.0
1230,2018-02-25,7,22.0,19,2,41.03333333333333,32.63333333333333,1008.8,982.9,9.1,17.5,25.933333333333334,40.333333333333336,50.73333333333333,33.63333333333333,0.1066666666666666,0.0,0.0,1.0,0.0,0.0,0.0,0.0
1055,2016-02-17,3,22.0,27,2,29.633333333333336,21.83333333333333,1021.25,996.8,7.466666666666666,5.666666666666667,8.9,,34.36666666666667,24.933333333333334,0.035,1.2,0.0,0.0,1.0,0.0,0.0,0.0
5126,2017-08-21,1,22.0,29,8,78.23333333333333,68.73333333333333,1016.05,994.0,10.0,6.566666666666666,14.0,18.633333333333333,87.23333333333333,68.46666666666667,0.0366666666666666,0.0,0.0,1.0,0.0,0.0,1.0,0.0
4645,2018-07-30,1,22.0,24,7,70.53333333333333,59.5,1017.85,995.5,9.666666666666666,4.166666666666667,10.7,18.0,80.46666666666667,59.8,0.0233333333333333,0.0,0.0,0.0,0.0,0.0,0.0,0.0
4667,2018-07-31,2,22.0,29,7,72.06666666666666,62.1,1015.9,993.5666666666666,9.9,5.533333333333334,9.966666666666669,,79.53333333333333,63.63333333333333,0.0,0.0,0.0,1.0,0.0,0.0,0.0,0.0
7595,2015-12-11,5,22.0,27,12,46.86666666666667,35.333333333333336,1006.35,983.5666666666666,10.0,8.1,13.633333333333333,19.7,57.93333333333334,39.4,0.0,0.0,0.0,0.0,0.0,0.0,0.0,0.0
1518,2016-03-09,3,22.0,23,3,61.7,54.16666666666666,1010.8,988.4,9.633333333333333,10.466666666666669,17.7,23.633333333333336,68.8,58.03333333333333,0.115,0.0,0.0,1.0,0.0,0.0,0.0,0.0
7771,2015-12-19,6,22.0,14,12,24.6,12.966666666666669,1025.15,1000.5333333333334,9.9,10.433333333333332,16.400000000000002,22.3,32.36666666666667,16.533333333333335,0.0,0.0,0.0,0.0,1.0,0.0,0.0,0.0
6270,2019-10-12,6,22.0,22,10,42.9,28.1,1015.65,992.5,9.9,12.566666666666668,20.966666666666665,31.666666666666668,58.63333333333333,35.06666666666667,0.43,0.0,0.0,0.0,0.0,0.0,0.0,0.0
5874,2019-09-24,2,22.0,18,9,66.43333333333334,55.2,1014.35,991.9333333333334,10.0,6.9,15.0,22.666666666666668,79.16666666666667,55.93333333333334,0.0,0.0,0.0,0.0,0.0,0.0,0.0,0.0
5769,2015-09-19,6,22.0,20,9,66.06666666666666,57.833333333333336,1012.25,988.6666666666666,8.5,9.033333333333331,18.666666666666668,28.633333333333336,77.53333333333335,58.03333333333333,1.39,0.0,0.0,1.0,0.0,0.0,1.0,0.0
3762,2015-06-20,6,22.0,14,6,65.06666666666666,55.36666666666667,1011.9,989.4666666666668,10.0,5.766666666666667,16.400000000000002,22.03333333333333,80.53333333333333,54.93333333333334,0.0,0.0,0.0,0.0,0.0,0.0,0.0,0.0
7470,2016-12-04,7,22.0,27,12,31.73333333333333,27.3,1022.45,997.5333333333332,7.0,2.6333333333333333,7.333333333333333,,34.06666666666667,29.266666666666666,0.0733333333333333,5.5,1.0,0.0,1.0,0.0,0.0,0.0
4555,2015-07-26,7,22.0,21,7,75.53333333333335,65.2,1013.35,991.2,9.933333333333334,3.8666666666666663,9.666666666666666,,90.96666666666664,66.33333333333333,0.0,0.0,0.0,1.0,0.0,0.0,0.0,0.0
7884,2018-12-24,1,22.0,16,12,29.8,17.966666666666665,1023.2,999.2,10.0,8.733333333333334,19.33333333333333,29.96666666666667,37.3,23.53333333333333,0.0,0.0,0.0,0.0,0.0,0.0,0.0,0.0
7668,2016-12-13,2,22.0,16,12,17.0,9.466666666666669,1021.95,996.9,8.066666666666668,6.366666666666667,11.7,17.1,26.9,9.133333333333333,0.0,4.1,0.0,0.0,1.0,0.0,0.0,0.0
570,2018-01-26,5,22.0,26,1,41.6,32.26666666666667,1021.6,998.3,9.966666666666669,11.733333333333334,22.7,33.36666666666667,51.5,31.83333333333333,0.0,1.2,0.0,0.0,0.0,0.0,0.0,0.0
416,2018-01-19,5,22.0,25,1,30.933333333333337,21.4,1013.45,989.9333333333334,10.0,12.266666666666666,18.7,25.7,38.4,22.4,0.0,1.2,0.0,0.0,0.0,0.0,0.0,0.0
723,2019-02-02,6,22.0,26,2,25.23333333333333,21.166666666666668,1021.2,996.8,7.266666666666667,7.566666666666666,12.666666666666666,20.0,40.46666666666667,8.633333333333333,0.0066666666666666,5.5,0.0,0.0,0.0,0.0,0.0,0.0
6744,2016-11-01,2,22.0,37,11,65.7,56.1,1011.55,989.2,10.0,10.333333333333334,16.0,22.6,76.16666666666667,51.86666666666667,0.0,0.0,0.0,0.0,0.0,0.0,0.0,0.0
7800,2016-12-19,1,22.0,31,12,-0.2666666666666666,-9.1,1041.0,1015.4,10.0,7.733333333333333,14.0,19.7,14.433333333333332,-10.966666666666669,0.01,4.5,0.0,0.0,0.0,0.0,0.0,0.0
7107,2019-11-19,2,22.0,26,11,37.46666666666667,33.1,1009.1,985.7666666666668,7.933333333333333,3.2000000000000006,7.3,,41.0,34.36666666666667,0.0,0.0,0.0,1.0,0.0,0.0,0.0,0.0
2859,2015-05-10,7,22.0,24,5,48.56666666666666,45.7,1017.25,994.1333333333332,5.766666666666667,7.533333333333334,10.933333333333332,,65.26666666666667,45.66666666666666,0.1233333333333333,0.0,0.0,1.0,0.0,0.0,0.0,0.0
2682,2017-05-02,2,22.0,24,5,45.8,39.0,1004.9,980.7666666666668,9.366666666666667,15.433333333333332,20.0,29.96666666666667,52.86666666666667,41.36666666666667,0.1733333333333333,0.0,0.0,1.0,0.0,0.0,0.0,0.0
6562,2018-10-25,4,22.0,19,10,43.03333333333333,33.36666666666667,1023.35,999.7333333333332,10.0,3.266666666666667,7.633333333333333,,51.833333333333336,35.63333333333333,0.0,0.0,0.0,0.0,0.0,0.0,0.0,0.0
5586,2019-09-11,3,22.0,20,9,79.86666666666666,71.16666666666667,1017.65,995.6666666666666,9.6,5.8,16.066666666666666,23.0,90.26666666666668,71.66666666666667,0.0,0.0,0.0,0.0,0.0,0.0,0.0,0.0
724,2017-02-02,4,22.0,24,2,21.9,7.933333333333334,1027.6999999999998,1003.2333333333332,10.0,10.833333333333334,16.066666666666666,22.366666666666664,34.766666666666666,14.5,0.0,0.0,0.0,0.0,0.0,0.0,0.0,0.0
4774,2017-08-05,6,22.0,27,8,66.66666666666667,53.63333333333333,1016.1,993.5333333333332,10.0,6.666666666666667,13.333333333333334,15.9,79.06666666666666,56.16666666666666,0.0033333333333333,0.0,0.0,0.0,0.0,0.0,0.0,0.0
6370,2016-10-15,6,22.0,19,10,58.96666666666667,53.26666666666667,1016.9,994.1,8.799999999999999,9.533333333333331,15.666666666666666,22.6,70.0,46.56666666666666,0.0,0.0,0.0,1.0,0.0,0.0,0.0,0.0
7700,2017-12-16,6,22.0,20,12,38.3,24.46666666666667,1012.8,989.3666666666668,10.0,8.5,13.333333333333334,20.03333333333333,47.4,28.1,0.0,0.0,0.0,0.0,0.0,0.0,0.0,0.0
525,2015-01-24,6,22.0,18,1,33.6,27.133333333333336,1008.4,984.7666666666668,9.633333333333333,8.0,13.666666666666666,17.033333333333335,43.76666666666667,28.8,0.0,0.0,0.0,0.0,0.0,0.0,0.0,0.0
6876,2016-11-07,1,22.0,23,11,54.4,43.8,1026.05,1002.9,9.9,3.5666666666666664,8.6,,67.39999999999999,43.4,0.0,0.0,0.0,0.0,0.0,0.0,0.0,0.0
2594,2017-04-28,5,22.0,22,4,49.0,41.2,1012.1,988.9333333333334,9.633333333333336,5.566666666666666,14.0,18.4,60.7,40.266666666666666,0.04,0.0,0.0,0.0,0.0,0.0,0.0,0.0
5792,2018-09-20,4,22.0,33,9,76.33333333333333,67.36666666666666,1012.8,990.8,8.1,5.366666666666667,13.6,19.666666666666668,93.86666666666667,65.96666666666667,0.0699999999999999,0.0,0.0,0.0,0.0,0.0,0.0,0.0
966,2015-02-13,5,22.0,23,2,12.1,2.733333333333333,1027.35,1002.7333333333332,10.0,7.7,15.666666666666666,21.0,23.6,3.733333333333333,0.0,4.1,0.0,0.0,1.0,0.0,0.0,0.0
2264,2015-04-13,1,22.0,19,4,61.2,39.9,1014.55,991.7333333333332,9.633333333333333,10.333333333333334,17.033333333333335,23.03333333333333,69.33333333333333,42.53333333333333,0.2266666666666666,0.0,0.0,1.0,0.0,0.0,1.0,0.0
6783,2018-11-04,7,22.0,15,11,48.03333333333333,41.333333333333336,1018.5,994.6333333333332,8.866666666666667,12.166666666666666,18.066666666666663,28.03333333333333,51.73333333333333,44.6,0.0666666666666666,0.0,0.0,1.0,0.0,0.0,1.0,0.0
1187,2016-02-23,2,22.0,24,2,36.13333333333333,25.066666666666663,1020.05,996.2666666666668,9.666666666666666,4.8,11.333333333333334,14.0,45.06666666666666,28.1,0.0,0.0,0.0,0.0,0.0,0.0,0.0,0.0
1273,2019-02-27,3,22.0,20,2,25.8,17.233333333333334,1023.6,665.8666666666667,9.366666666666667,7.8,13.7,18.966666666666665,31.266666666666666,20.3,0.0,0.0,0.0,0.0,1.0,0.0,0.0,0.0
5220,2018-08-25,6,22.0,26,8,71.23333333333333,65.86666666666666,1012.35,990.1333333333332,6.966666666666666,8.6,14.3,19.7,85.46666666666665,64.13333333333334,0.0733333333333333,0.0,0.0,1.0,0.0,0.0,1.0,0.0
1011,2016-02-15,1,22.0,16,2,21.566666666666663,18.133333333333333,1014.2,990.8,4.233333333333333,7.066666666666666,12.366666666666667,19.666666666666668,28.53333333333333,14.133333333333336,0.055,1.6,0.0,0.0,1.0,0.0,0.0,0.0
1494,2015-03-09,1,22.0,28,3,36.9,26.933333333333334,1021.55,997.8666666666668,9.2,3.6666666666666665,7.3,,50.36666666666667,24.433333333333334,0.0,1.6,0.0,0.0,0.0,0.0,0.0,0.0
4199,2019-07-10,3,22.0,29,7,83.43333333333334,67.83333333333333,1011.9,990.0333333333332,9.933333333333334,7.1000000000000005,13.033333333333331,20.666666666666668,94.56666666666666,69.8,0.005,0.0,0.0,1.0,0.0,0.0,0.0,0.0
1757,2019-03-21,4,22.0,24,3,39.7,35.7,1014.6,991.1,7.3,7.866666666666667,14.666666666666666,19.666666666666668,44.53333333333333,36.13333333333333,0.0766666666666666,0.0,0.0,1.0,0.0,0.0,0.0,0.0
7752,2018-12-18,2,22.0,34,12,31.03333333333333,24.766666666666666,1023.5,999.5666666666666,9.8,3.8666666666666663,9.9,16.05,44.53333333333333,22.83333333333333,0.0,0.0,0.0,0.0,0.0,0.0,0.0,0.0
7972,2018-12-28,5,22.0,19,12,42.56666666666667,38.7,1006.55,983.5666666666666,9.0,14.633333333333333,21.633333333333336,30.3,52.96666666666667,30.6,0.4466666666666666,0.0,0.0,1.0,1.0,0.0,0.0,0.0
7705,2015-12-16,3,22.0,23,12,43.93333333333334,38.5,1007.7,984.5,9.2,11.6,21.03333333333333,29.23333333333333,53.46666666666667,40.63333333333333,0.0499999999999999,0.0,0.0,1.0,0.0,0.0,0.0,0.0
3721,2018-06-18,1,22.0,22,6,85.89999999999999,72.36666666666666,1013.0,991.2333333333332,10.0,10.433333333333334,18.73333333333333,24.666666666666668,94.26666666666668,76.16666666666667,0.0,0.0,0.0,0.0,0.0,0.0,0.0,0.0
2754,2016-05-04,3,22.0,22,5,51.8,39.8,1007.15,984.0,9.4,10.966666666666669,20.0,28.3,64.8,43.333333333333336,0.3533333333333333,0.0,0.0,1.0,0.0,0.0,0.0,0.0
5456,2017-09-05,2,22.0,22,9,63.833333333333336,50.06666666666666,1010.55,988.0666666666666,10.0,9.733333333333334,16.333333333333332,22.666666666666668,76.13333333333334,54.5,0.0,0.0,0.0,1.0,0.0,0.0,0.0,0.0
5504,2015-09-07,1,22.0,25,9,81.16666666666667,67.16666666666667,1014.1,992.2666666666668,10.0,6.833333333333333,11.633333333333333,14.0,92.16666666666669,70.33333333333333,0.0,0.0,0.0,0.0,0.0,0.0,0.0,0.0
5281,2015-08-28,5,22.0,37,8,66.33333333333333,57.333333333333336,1019.6,997.0,9.733333333333333,3.866666666666667,8.700000000000001,,75.66666666666667,53.36666666666667,0.0,0.0,0.0,0.0,0.0,0.0,0.0,0.0
4598,2017-07-28,5,22.0,28,7,73.36666666666666,61.833333333333336,1013.95,991.5666666666666,10.0,10.733333333333334,16.733333333333334,22.366666666666664,79.10000000000001,69.33333333333333,0.0,0.0,0.0,0.0,0.0,0.0,0.0,0.0
6282,2016-10-11,2,22.0,18,10,63.96666666666667,50.3,1021.75,999.0333333333332,10.0,7.766666666666667,14.966666666666669,20.5,74.7,53.5,0.0,0.0,0.0,1.0,0.0,0.0,0.0,0.0
4661,2019-07-31,3,22.0,22,7,68.83333333333333,56.56666666666666,1020.1,997.5,10.0,6.933333333333334,12.666666666666666,18.366666666666667,76.03333333333333,60.63333333333333,0.0,0.0,0.0,0.0,0.0,0.0,0.0,0.0
4445,2015-07-21,2,22.0,20,7,75.16666666666667,57.63333333333333,1009.65,987.5,10.0,7.266666666666667,11.0,15.266666666666666,86.66666666666667,63.7,0.0,0.0,0.0,0.0,0.0,0.0,0.0,0.0
5918,2017-09-26,2,22.0,28,9,79.63333333333334,60.1,1012.6,990.6666666666666,10.0,6.233333333333333,15.033333333333331,19.03333333333333,92.03333333333336,67.83333333333333,0.0,0.0,0.0,0.0,0.0,0.0,0.0,0.0
4827,2016-08-06,6,22.0,24,8,75.56666666666666,61.4,1013.75,991.4666666666668,10.0,5.633333333333333,10.3,14.0,83.16666666666667,65.16666666666667,0.0,0.0,0.0,0.0,0.0,0.0,0.0,0.0
4705,2019-08-02,5,22.0,26,8,72.36666666666667,57.46666666666667,1020.35,997.8333333333334,10.0,4.4,9.266666666666667,17.0,82.13333333333334,58.76666666666667,0.0,0.0,0.0,0.0,0.0,0.0,0.0,0.0
3718,2015-06-18,4,22.0,30,6,72.60000000000001,65.83333333333333,1013.4,991.0333333333332,6.733333333333333,6.8,16.666666666666668,23.3,80.96666666666667,57.13333333333333,0.235,0.0,1.0,1.0,0.0,0.0,1.0,0.0
7481,2019-12-06,5,22.0,18,12,38.333333333333336,30.066666666666663,1020.25,996.6,10.0,9.066666666666668,18.066666666666663,26.03333333333333,43.9,30.96666666666667,0.0,0.0,0.0,0.0,0.0,0.0,0.0,0.0
3371,2016-06-01,3,22.0,37,6,68.63333333333334,61.86666666666667,1013.4,991.0666666666666,8.333333333333334,5.266666666666667,10.266666666666667,15.0,81.2,63.5,0.7733333333333333,0.0,0.0,1.0,0.0,0.0,0.0,0.0
3979,2019-06-30,7,22.0,18,6,77.56666666666666,66.73333333333333,1016.2,994.0666666666666,9.9,4.033333333333334,26.666666666666668,40.03333333333333,89.60000000000001,69.83333333333333,0.0033333333333333,0.0,0.0,1.0,0.0,0.0,1.0,0.0
944,2018-02-12,1,22.0,22,2,15.666666666666666,5.833333333333333,1035.35,1010.4,10.0,5.7,9.333333333333334,,27.03333333333333,4.566666666666666,0.0933333333333333,11.4,0.0,0.0,0.0,0.0,0.0,0.0
834,2017-02-07,2,22.0,18,2,44.86666666666667,43.86666666666667,999.3,976.1,2.6666666666666665,6.633333333333333,18.4,29.0,52.56666666666666,41.43333333333334,0.21,0.0,1.0,1.0,0.0,0.0,1.0,0.0
7948,2015-12-27,7,22.0,20,12,40.23333333333333,36.53333333333333,1021.95,997.3333333333334,6.833333333333333,12.766666666666666,21.33333333333333,30.633333333333336,44.13333333333333,35.5,0.4366666666666667,0.0,0.0,1.0,0.0,0.0,0.0,0.0
6981,2018-11-13,2,22.0,18,11,25.33333333333333,12.233333333333334,1029.95,1005.3333333333334,9.366666666666667,9.5,13.966666666666669,18.05,32.0,19.966666666666665,0.0,0.0,0.0,0.0,1.0,0.0,0.0,0.0
3212,2015-05-26,2,22.0,21,5,71.46666666666665,62.66666666666666,1011.4,989.2333333333332,9.566666666666668,10.7,21.4,32.36666666666667,79.60000000000001,65.63333333333334,0.0766666666666666,0.0,0.0,1.0,0.0,0.0,0.0,0.0
3944,2016-06-27,1,22.0,10,6,80.3,60.333333333333336,1015.5,993.4333333333334,10.0,7.966666666666666,16.3,26.366666666666664,91.1,69.36666666666666,0.0766666666666666,0.0,0.0,0.0,0.0,0.0,0.0,0.0
1669,2019-03-17,7,22.0,16,3,34.800000000000004,23.46666666666667,1025.0,334.4666666666667,9.733333333333334,5.066666666666666,13.0,22.0,44.26666666666667,27.366666666666664,0.0066666666666666,0.0,0.0,0.0,0.0,0.0,0.0,0.0
7593,2019-12-11,3,22.0,22,12,18.666666666666668,8.533333333333333,1029.9,5.0,9.166666666666666,8.366666666666667,14.7,22.0,24.933333333333334,13.933333333333332,0.0,0.0,0.0,0.0,1.0,0.0,0.0,0.0
7571,2019-12-10,2,22.0,24,12,22.933333333333334,13.933333333333332,1016.95,992.3,9.866666666666667,13.233333333333334,20.33333333333333,30.7,41.63333333333333,14.666666666666666,0.0033333333333333,0.0,0.0,0.0,1.0,0.0,0.0,0.0
4822,2018-08-07,2,22.0,38,8,75.43333333333334,69.39999999999999,1014.05,991.6333333333332,8.433333333333332,3.9,11.333333333333334,15.0,83.53333333333335,69.39999999999999,0.175,0.0,1.0,1.0,0.0,0.0,0.0,0.0
3674,2015-06-16,2,22.0,23,6,68.39999999999999,59.16666666666666,1018.5,994.7666666666668,8.700000000000001,7.8,13.633333333333333,21.0,81.06666666666666,63.66666666666666,1.913333333333333,0.0,0.0,1.0,0.0,0.0,0.0,0.0
7882,2015-12-24,4,22.0,15,12,42.833333333333336,34.9,1006.15,982.4,10.0,14.766666666666666,30.0,41.7,59.4,34.46666666666667,0.6566666666666666,0.0,0.0,0.0,0.0,0.0,0.0,0.0
767,2019-02-04,1,22.0,35,2,47.2,45.1,1007.25,984.3666666666668,7.566666666666666,9.466666666666669,14.3,23.0,50.5,38.7,0.01,3.9,0.0,1.0,0.0,0.0,0.0,0.0
4866,2018-08-09,4,22.0,11,8,76.8,65.63333333333334,1012.6,990.5333333333332,9.566666666666666,7.133333333333333,14.3,19.666666666666668,90.06666666666666,65.96666666666665,0.0033333333333333,0.0,0.0,0.0,0.0,0.0,0.0,0.0
1914,2018-03-28,3,22.0,30,3,45.03333333333334,37.2,1016.15,992.8666666666668,9.966666666666669,4.166666666666667,8.933333333333334,,53.03333333333333,39.0,0.0166666666666666,0.0,0.0,1.0,0.0,0.0,0.0,0.0
3922,2016-06-26,7,22.0,18,6,81.60000000000001,68.16666666666667,1014.4,992.5333333333332,9.866666666666667,8.566666666666666,12.666666666666666,20.03333333333333,89.8,71.23333333333333,0.0066666666666666,0.0,0.0,1.0,0.0,0.0,1.0,0.0
4731,2015-08-03,1,22.0,29,8,76.33333333333333,60.0,1008.05,985.7666666666668,9.766666666666667,9.233333333333333,21.366666666666664,31.33333333333333,92.9,65.89999999999999,0.7033333333333335,0.0,0.0,1.0,0.0,0.0,1.0,0.0
856,2015-02-08,7,22.0,23,2,37.06666666666667,33.9,1004.8,981.6666666666666,6.466666666666666,6.966666666666666,15.733333333333334,21.55,42.16666666666666,20.73333333333333,0.0,6.5,0.0,1.0,0.0,0.0,0.0,0.0
7659,2019-12-14,6,22.0,19,12,32.833333333333336,28.4,1008.0,984.2,8.133333333333335,4.166666666666667,14.0,20.266666666666666,40.46666666666667,28.1,0.0,0.0,0.0,0.0,0.0,0.0,0.0,0.0
5013,2019-08-16,5,22.0,14,8,71.5,61.73333333333333,1013.15,990.8333333333334,10.0,6.133333333333333,13.633333333333333,21.4,84.5,62.13333333333333,0.0,0.0,0.0,0.0,0.0,0.0,0.0,0.0
7349,2019-11-30,6,22.0,19,11,37.56666666666666,34.63333333333333,1014.25,993.3666666666668,6.933333333333334,10.0,19.4,28.066666666666663,40.333333333333336,34.6,0.025,0.0,0.0,1.0,0.0,0.0,0.0,0.0
3033,2019-05-18,6,22.0,16,5,56.73333333333333,49.46666666666667,1010.65,987.7333333333332,9.233333333333334,7.233333333333333,21.933333333333334,32.96666666666667,82.16666666666667,44.333333333333336,0.06,0.0,0.0,1.0,0.0,0.0,1.0,0.0
217,2019-01-10,4,22.0,26,1,18.866666666666664,8.933333333333332,1030.3,5.533333333333334,10.0,6.2,11.333333333333334,15.9,24.933333333333334,14.833333333333334,0.0,0.0,0.0,0.0,0.0,0.0,0.0,0.0
4447,2018-07-21,6,22.0,20,7,70.76666666666667,67.36666666666666,1005.35,982.9666666666668,8.299999999999999,9.866666666666667,16.066666666666666,22.6,76.7,68.66666666666667,0.4233333333333333,0.0,0.0,1.0,0.0,0.0,0.0,0.0
856,2017-02-08,3,22.0,36,2,31.6,25.133333333333336,1011.3,986.7,7.933333333333334,10.066666666666666,18.633333333333333,27.33333333333333,45.63333333333333,26.53333333333333,0.45,0.0,0.0,1.0,1.0,0.0,0.0,0.0
283,2019-01-13,7,22.0,18,1,29.566666666666663,24.133333333333336,1028.65,4.166666666666667,7.2,11.866666666666667,15.4,22.73333333333333,31.766666666666666,27.03333333333333,0.1,2.55,0.0,0.0,1.0,0.0,0.0,0.0
1538,2015-03-11,3,22.0,24,3,41.833333333333336,33.800000000000004,1022.4,998.2,5.4,5.966666666666666,11.7,14.0,51.833333333333336,32.0,0.01,0.0,1.0,0.0,0.0,0.0,0.0,0.0
6622,2019-10-28,1,22.0,17,10,47.73333333333333,42.6,1016.65,993.6,9.266666666666667,2.733333333333333,6.366666666666667,,56.53333333333333,41.13333333333333,0.0233333333333333,0.0,0.0,0.0,0.0,0.0,0.0,0.0
3564,2015-06-11,4,22.0,31,6,70.26666666666667,58.96666666666667,1009.65,987.3333333333334,9.4,5.566666666666666,11.733333333333334,15.9,80.96666666666667,63.56666666666666,0.0066666666666666,0.0,0.0,0.0,0.0,0.0,0.0,0.0
437,2015-01-20,2,22.0,24,1,35.0,31.33333333333333,1012.75,989.1,7.2,4.1000000000000005,9.966666666666669,,41.9,24.53333333333333,0.0,0.0,0.0,1.0,1.0,0.0,0.0,0.0
5929,2016-09-25,7,22.0,25,9,72.2,62.9,1017.25,994.7666666666668,10.0,7.066666666666667,12.033333333333331,18.55,85.5,63.06666666666666,0.0,0.0,0.0,1.0,0.0,0.0,0.0,0.0
5808,2017-09-21,4,22.0,25,9,82.23333333333333,67.60000000000001,1013.55,991.7,10.0,5.566666666666666,10.366666666666667,14.0,93.6,68.3,0.0,0.0,0.0,0.0,0.0,0.0,0.0,0.0
6666,2019-10-30,3,22.0,12,10,37.96666666666667,34.43333333333333,1023.95,333.1666666666667,6.333333333333333,6.966666666666666,13.666666666666666,22.433333333333337,43.23333333333333,33.4,0.3833333333333333,1.2,0.0,1.0,1.0,0.0,0.0,0.0
7155,2015-11-21,6,22.0,12,11,33.06666666666667,29.566666666666663,1019.8,995.9,2.9,9.033333333333331,20.366666666666667,28.366666666666664,41.66666666666666,27.066666666666663,0.27,6.5,1.0,1.0,1.0,0.0,0.0,0.0
349,2015-01-16,5,22.0,23,1,27.933333333333334,22.666666666666668,1020.0,995.9666666666668,8.866666666666667,5.766666666666667,11.0,17.1,34.833333333333336,15.333333333333334,0.0,3.5,0.0,0.0,0.0,0.0,0.0,0.0
4023,2019-07-02,2,22.0,25,7,83.73333333333333,70.73333333333333,1011.45,989.5,10.0,6.4,16.633333333333333,21.73333333333333,92.26666666666668,73.16666666666667,0.0,0.0,0.0,0.0,0.0,0.0,0.0,0.0
5852,2017-09-23,6,22.0,16,9,81.86666666666667,66.7,1016.6,994.7,9.833333333333334,3.9666666666666655,10.366666666666667,,94.1,70.23333333333333,0.0,0.0,0.0,0.0,0.0,0.0,0.0,0.0
6320,2018-10-14,7,22.0,19,10,46.56666666666666,38.13333333333333,1016.8,993.4666666666668,9.633333333333333,4.333333333333333,9.966666666666669,14.5,57.26666666666667,35.166666666666664,0.0,0.0,0.0,0.0,0.0,0.0,0.0,0.0
1341,2016-03-01,2,22.0,21,3,29.666666666666668,23.83333333333333,1013.55,988.3666666666668,8.066666666666666,13.766666666666666,21.0,27.96666666666667,34.300000000000004,23.166666666666668,0.0433333333333333,1.2,1.0,1.0,1.0,0.0,0.0,0.0
6077,2015-10-03,6,22.0,17,10,52.23333333333333,39.333333333333336,1023.75,1000.1,9.6,15.433333333333332,19.7,28.6,58.833333333333336,48.43333333333334,0.01,0.0,0.0,1.0,0.0,0.0,0.0,0.0
3739,2017-06-19,1,22.0,18,6,70.33333333333333,54.76666666666667,1008.5,986.4,9.9,8.299999999999999,20.0,29.33333333333333,79.96666666666665,61.4,0.0,0.0,0.0,1.0,0.0,0.0,1.0,0.0
2197,2019-04-10,3,22.0,16,4,41.36666666666667,31.8,1014.95,991.6666666666666,9.833333333333334,12.733333333333334,22.0,31.03333333333333,64.2,35.2,0.0,0.0,0.0,1.0,1.0,0.0,0.0,0.0
5747,2015-09-18,5,22.0,17,9,73.06666666666666,66.5,1009.85,987.6666666666666,8.200000000000001,8.533333333333333,16.3,23.4,85.39999999999999,62.0,0.84,0.0,0.0,1.0,0.0,0.0,1.0,0.0
4485,2019-07-23,2,22.0,16,7,69.39999999999999,55.2,1018.4,995.9,10.0,5.5,12.366666666666667,18.366666666666667,80.39999999999999,59.86666666666667,0.0,0.0,0.0,0.0,0.0,0.0,0.0,0.0
6496,2018-10-22,1,22.0,22,10,46.6,29.9,1018.25,995.0,10.0,6.4,11.333333333333334,16.0,63.06666666666666,32.93333333333333,0.0,0.0,0.0,0.0,0.0,0.0,0.0,0.0
5387,2019-09-02,1,22.0,23,9,70.33333333333333,62.2,1018.2,995.7000000000002,8.366666666666667,2.9333333333333336,8.933333333333334,,82.56666666666666,60.1,0.3366666666666666,0.0,0.0,0.0,0.0,0.0,0.0,0.0
1450,2015-03-07,6,22.0,18,3,32.300000000000004,22.9,1019.4,995.5333333333332,9.766666666666667,10.433333333333334,16.633333333333333,21.7,44.23333333333333,23.6,0.0,3.55,0.0,0.0,0.0,0.0,0.0,0.0
4756,2018-08-04,6,22.0,24,8,81.2,65.8,1016.2,994.2,9.9,6.266666666666667,15.033333333333331,20.066666666666663,95.0,68.83333333333333,0.0,0.0,0.0,0.0,0.0,0.0,0.0,0.0
4331,2019-07-16,2,22.0,18,7,76.7,68.96666666666665,1013.0,990.9333333333334,9.6,5.466666666666666,13.666666666666666,21.0,87.2,70.96666666666665,0.0766666666666666,0.0,0.0,1.0,0.0,0.0,0.0,0.0
2048,2016-04-02,6,22.0,23,4,35.93333333333333,25.03333333333333,1007.5,983.2666666666668,8.433333333333334,14.933333333333335,31.633333333333336,46.0,42.4,31.23333333333333,0.06,0.0,0.0,1.0,1.0,0.0,0.0,0.0
6798,2017-11-05,7,22.0,25,11,50.833333333333336,49.6,1009.7,986.1666666666666,2.7999999999999994,3.033333333333333,12.966666666666669,21.55,53.06666666666666,46.76666666666667,0.31,0.0,1.0,1.0,0.0,0.0,0.0,0.0
3635,2016-06-13,1,22.0,29,6,68.89999999999999,48.5,1016.6,993.9666666666668,10.0,5.033333333333334,12.7,19.0,87.63333333333333,55.53333333333333,0.0,0.0,0.0,0.0,0.0,0.0,0.0,0.0
85,2019-01-04,5,22.0,23,1,36.93333333333333,28.4,1010.4,987.0333333333332,9.966666666666669,8.233333333333333,14.333333333333334,21.066666666666663,49.56666666666666,28.4,0.0,0.0,0.0,0.0,0.0,0.0,0.0,0.0
3011,2019-05-17,5,22.0,20,5,57.36666666666667,51.43333333333334,1009.9,986.7666666666668,9.533333333333331,7.966666666666666,18.366666666666667,31.03333333333333,74.76666666666667,45.76666666666667,0.6566666666666666,0.0,0.0,1.0,0.0,0.0,1.0,0.0
5330,2018-08-30,4,22.0,21,8,67.43333333333334,56.63333333333333,1021.8,998.8666666666668,10.0,6.933333333333334,10.933333333333332,15.9,73.56666666666668,61.16666666666666,0.0233333333333333,0.0,0.0,0.0,0.0,0.0,0.0,0.0
7964,2017-12-28,4,22.0,21,12,5.966666666666666,-2.066666666666667,1039.75,1013.5666666666666,9.133333333333333,4.633333333333334,11.333333333333334,18.1,14.066666666666668,-2.6333333333333333,0.0,2.0,0.0,0.0,1.0,0.0,0.0,0.0
746,2018-02-03,6,22.0,27,2,26.433333333333334,9.8,1021.4,997.2,10.0,10.666666666666666,18.73333333333333,26.666666666666668,41.06666666666667,13.866666666666667,0.0,0.0,0.0,0.0,0.0,0.0,0.0,0.0
5880,2018-09-24,1,22.0,31,9,63.96666666666666,56.9,1017.65,994.9,9.4,5.9,9.233333333333334,15.9,72.43333333333334,56.46666666666667,0.0066666666666666,0.0,0.0,1.0,0.0,0.0,0.0,0.0
5698,2017-09-16,6,22.0,19,9,76.2,61.7,1016.85,994.7333333333332,10.0,7.366666666666667,11.7,17.666666666666668,87.63333333333333,63.63333333333333,0.0,0.0,0.0,0.0,0.0,0.0,0.0,0.0
7392,2017-12-02,6,22.0,17,12,41.73333333333333,29.2,1020.6,997.1333333333332,9.966666666666669,3.9333333333333336,8.0,,54.46666666666667,29.96666666666667,0.0,0.0,0.0,0.0,0.0,0.0,0.0,0.0
2242,2017-04-12,3,22.0,20,4,47.3,36.833333333333336,1027.5,1004.0,9.833333333333334,4.833333333333333,11.7,21.0,57.56666666666666,36.266666666666666,0.0,0.0,0.0,0.0,0.0,0.0,0.0,0.0
3893,2017-06-26,1,22.0,29,6,63.86666666666667,46.1,1018.4,995.6666666666666,10.0,9.7,17.7,27.0,74.23333333333333,52.76666666666667,0.0,0.0,0.0,0.0,0.0,0.0,0.0,0.0
6842,2017-11-07,2,22.0,19,11,41.766666666666666,32.46666666666667,1026.15,1002.1333333333332,10.0,8.6,14.966666666666669,19.7,46.833333333333336,35.766666666666666,0.0,0.0,0.0,0.0,0.0,0.0,0.0,0.0
3717,2017-06-18,7,22.0,22,6,74.83333333333333,63.1,1002.4,980.3666666666668,10.0,10.7,19.666666666666668,27.0,84.3,69.16666666666667,0.12,0.0,0.0,1.0,0.0,0.0,1.0,0.0
2990,2017-05-16,2,22.0,19,5,75.13333333333334,59.13333333333333,1008.65,986.7666666666668,10.0,10.033333333333331,21.633333333333336,30.7,87.39999999999999,60.06666666666666,0.0066666666666666,0.0,0.0,1.0,0.0,0.0,1.0,0.0
2288,2018-04-14,6,22.0,15,4,39.86666666666667,38.23333333333333,1009.6,985.7,5.466666666666666,14.966666666666669,22.100000000000005,30.3,42.8,37.53333333333333,0.4433333333333333,0.0,0.0,1.0,0.0,0.0,0.0,0.0
6304,2016-10-12,3,22.0,24,10,62.76666666666667,54.5,1015.3,992.5,9.033333333333331,9.733333333333334,17.76666666666667,25.633333333333336,69.7,51.93333333333334,0.04,0.0,0.0,1.0,0.0,0.0,1.0,0.0
3497,2017-06-08,4,22.0,23,6,68.13333333333334,44.43333333333334,1015.8,993.2666666666668,10.0,3.266666666666667,10.933333333333332,,82.2,52.7,0.0,0.0,0.0,0.0,0.0,0.0,0.0,0.0
5087,2018-08-19,7,22.0,20,8,74.93333333333334,66.43333333333334,1014.45,992.1666666666666,9.166666666666666,4.266666666666667,11.0,,84.96666666666667,65.73333333333333,0.0,0.0,0.0,0.0,0.0,0.0,0.0,0.0
2464,2018-04-22,7,22.0,24,4,50.1,25.2,1027.55,1003.9,10.0,7.766666666666666,14.333333333333334,20.33333333333333,62.1,41.23333333333333,0.0,0.0,0.0,0.0,0.0,0.0,0.0,0.0
350,2016-01-16,6,22.0,24,1,29.766666666666666,21.8,1008.65,984.6333333333332,9.1,10.6,16.0,20.366666666666667,36.5,25.3,0.015,0.0,0.0,0.0,0.0,0.0,0.0,0.0
4047,2017-07-03,1,22.0,21,7,73.23333333333333,63.46666666666667,1016.2,993.9,9.966666666666669,5.733333333333333,12.033333333333331,15.45,84.03333333333333,65.33333333333333,0.1033333333333333,0.0,0.0,0.0,0.0,0.0,0.0,0.0
724,2018-02-02,5,22.0,26,2,11.266666666666666,-4.766666666666667,1032.65,1007.5666666666666,10.0,9.166666666666666,14.7,19.05,19.666666666666668,4.7,0.0,0.0,0.0,0.0,0.0,0.0,0.0,0.0
1452,2016-03-06,7,22.0,22,3,39.3,29.433333333333337,1022.6,999.1,9.6,8.766666666666666,18.1,23.4,52.0,32.43333333333334,0.0,1.2,0.0,0.0,0.0,0.0,0.0,0.0
239,2015-01-11,7,22.0,22,1,26.366666666666664,15.9,1025.75,1001.4333333333334,9.366666666666667,9.766666666666667,15.366666666666667,21.0,32.53333333333333,20.266666666666666,0.0,3.5,0.0,0.0,1.0,0.0,0.0,0.0
1560,2015-03-12,4,22.0,21,3,41.73333333333333,27.066666666666663,1031.35,1007.5666666666666,9.5,5.4,15.366666666666667,21.5,56.1,28.566666666666663,0.0,0.0,0.0,0.0,0.0,0.0,0.0,0.0
6160,2017-10-07,6,22.0,19,10,69.93333333333334,61.96666666666667,1004.5,982.2333333333332,9.166666666666666,13.266666666666666,23.4,34.733333333333334,80.5,60.56666666666666,0.1133333333333333,0.0,0.0,1.0,0.0,0.0,0.0,0.0
2931,2016-05-12,4,22.0,26,5,62.7,56.6,1013.4,990.6666666666666,7.2,7.1000000000000005,16.733333333333334,25.4,70.46666666666665,53.66666666666666,0.23,0.0,0.0,1.0,0.0,0.0,1.0,0.0
6138,2019-10-06,7,22.0,21,10,59.36666666666667,48.2,1016.6,993.5,10.0,7.566666666666667,13.366666666666667,20.0,68.06666666666666,49.16666666666666,0.1933333333333333,0.0,0.0,1.0,0.0,0.0,0.0,0.0
7492,2016-12-05,1,22.0,14,12,32.46666666666667,30.6,1016.35,992.1,6.0,6.933333333333333,14.7,18.33333333333333,33.56666666666666,28.633333333333336,0.475,2.55,0.0,0.0,1.0,0.0,0.0,0.0
7287,2015-11-27,5,22.0,22,11,47.23333333333333,43.3,1024.9,1001.4333333333334,6.166666666666667,13.766666666666666,19.666666666666668,27.666666666666668,61.3,36.8,0.9166666666666666,0.0,0.0,1.0,0.0,0.0,0.0,0.0
5069,2016-08-17,3,22.0,25,8,76.86666666666666,66.16666666666667,1017.35,995.1666666666666,9.6,5.5,14.666666666666666,19.366666666666667,86.8,68.93333333333334,0.045,0.0,0.0,0.0,0.0,0.0,0.0,0.0
6260,2016-10-10,1,22.0,14,10,57.16666666666666,46.06666666666666,1026.8000000000002,1003.5666666666666,10.0,4.7,8.0,,71.73333333333333,46.53333333333333,0.0,0.0,0.0,0.0,0.0,0.0,0.0,0.0
6693,2015-10-31,6,22.0,23,10,47.29999999999999,41.4,1014.4,990.3666666666668,7.566666666666666,8.533333333333333,13.333333333333334,20.266666666666666,56.23333333333333,35.666666666666664,0.14,0.0,0.0,1.0,0.0,0.0,0.0,0.0
1164,2018-02-22,4,22.0,18,2,33.766666666666666,27.133333333333336,1035.05,1010.5,10.0,10.933333333333332,14.7,19.3,40.7,29.2,0.0499999999999999,0.0,0.0,0.0,0.0,0.0,0.0,0.0
6314,2019-10-14,1,22.0,27,10,45.833333333333336,32.36666666666667,1016.9,993.5666666666666,10.0,5.8,12.3,19.03333333333333,54.36666666666667,37.06666666666667,0.0,0.0,0.0,0.0,0.0,0.0,0.0,0.0
7465,2018-12-05,3,22.0,13,12,28.166666666666668,19.7,1021.05,997.0,9.733333333333334,8.6,14.0,20.0,31.03333333333333,25.066666666666663,0.0,0.0,0.0,0.0,1.0,0.0,0.0,0.0
5105,2015-08-20,4,22.0,29,8,65.76666666666667,52.7,1008.9,986.5,10.0,13.266666666666666,19.366666666666667,27.0,75.96666666666667,59.16666666666666,0.0,0.0,0.0,1.0,0.0,0.0,0.0,0.0
2551,2015-04-26,7,22.0,27,4,45.2,30.266666666666666,1014.2,990.5666666666666,9.966666666666669,9.733333333333333,17.033333333333335,23.3,54.96666666666667,37.03333333333333,0.33,0.0,0.0,0.0,0.0,0.0,0.0,0.0
4143,2016-07-06,3,22.0,23,7,77.60000000000001,66.63333333333334,1009.3,987.5333333333332,9.233333333333333,7.8,21.96666666666667,38.0,88.46666666666665,66.86666666666666,0.2633333333333333,0.0,0.0,1.0,0.0,0.0,1.0,0.0
2925,2015-05-13,3,22.0,41,5,48.13333333333333,34.666666666666664,1029.2,1005.5333333333332,10.0,8.4,13.666666666666666,18.4,56.63333333333333,42.1,0.0,0.0,0.0,0.0,0.0,0.0,0.0,0.0
1009,2019-02-15,5,22.0,24,2,23.96666666666667,16.46666666666667,1009.55,985.5,9.466666666666669,12.133333333333333,19.366666666666667,29.96666666666667,45.4,10.7,0.0,1.2,0.0,0.0,0.0,0.0,0.0,0.0
1978,2017-03-31,5,22.0,28,3,39.46666666666667,37.16666666666666,1008.5,983.8,5.866666666666667,13.7,18.3,27.33333333333333,45.16666666666666,36.833333333333336,0.9333333333333332,0.0,0.0,1.0,0.0,0.0,0.0,0.0
6238,2016-10-09,7,22.0,17,10,55.2,45.9,1026.05,1002.8333333333334,9.833333333333334,5.5,11.7,15.0,64.23333333333333,44.46666666666667,0.0,0.0,0.0,0.0,0.0,0.0,0.0,0.0
3475,2017-06-07,3,22.0,22,6,65.56666666666666,45.43333333333334,1018.8,996.0,10.0,8.666666666666666,13.366666666666667,20.0,74.83333333333333,55.53333333333333,0.0,0.0,0.0,0.0,0.0,0.0,0.0,0.0
3585,2017-06-12,1,22.0,16,6,83.8,60.63333333333333,1012.05,990.3,10.0,11.133333333333333,16.333333333333332,20.666666666666668,94.56666666666666,72.23333333333333,0.0,0.0,0.0,0.0,0.0,0.0,0.0,0.0
6144,2018-10-06,6,22.0,25,10,64.76666666666667,62.16666666666666,1014.8,991.7333333333332,7.033333333333334,5.966666666666666,13.333333333333334,19.05,72.2,57.03333333333333,1.0533333333333337,0.0,0.0,1.0,0.0,0.0,1.0,0.0
6556,2019-10-25,5,22.0,24,10,45.333333333333336,36.53333333333333,1027.15,3.3666666666666667,10.0,2.9,6.333333333333333,,49.86666666666667,42.4,0.0,0.0,0.0,0.0,0.0,0.0,0.0,0.0
4469,2018-07-22,7,22.0,25,7,70.86666666666666,67.7,1009.75,987.2666666666668,8.9,11.166666666666666,16.3,20.966666666666665,76.89999999999999,68.66666666666667,0.1933333333333333,0.0,0.0,1.0,0.0,0.0,0.0,0.0
6937,2018-11-11,7,22.0,20,11,32.233333333333334,19.866666666666667,1025.75,1001.7666666666668,10.0,7.766666666666667,12.066666666666668,18.4,41.66666666666666,24.83333333333333,0.0,0.0,0.0,0.0,0.0,0.0,0.0,0.0
2709,2016-05-02,1,22.0,26,5,49.03333333333333,39.8,1017.05,993.3666666666668,8.933333333333334,10.699999999999998,16.633333333333333,21.7,57.2,43.3,0.35,0.0,0.0,1.0,0.0,0.0,1.0,0.0
1274,2018-02-27,2,22.0,15,2,47.86666666666667,32.86666666666667,1021.7,998.6,10.0,10.433333333333334,18.3,25.4,61.6,34.63333333333333,0.0,0.0,0.0,0.0,0.0,0.0,0.0,0.0
4999,2018-08-15,3,22.0,29,8,78.53333333333333,65.8,1013.0,990.8666666666668,9.833333333333334,4.933333333333334,13.333333333333334,17.666666666666668,86.2,71.83333333333333,0.0,0.0,0.0,0.0,0.0,0.0,1.0,0.0
5563,2019-09-10,2,22.0,24,9,78.0,67.66666666666667,1017.1,995.0,10.0,8.799999999999999,15.666666666666666,23.366666666666664,90.2,67.83333333333333,0.0066666666666666,0.0,0.0,0.0,0.0,0.0,0.0,0.0
19,2016-01-01,5,22.0,41,1,24.433333333333334,16.966666666666665,1023.65,999.3333333333334,9.7,12.266666666666666,17.366666666666667,24.03333333333333,29.6,19.73333333333333,0.01,1.6,0.0,0.0,1.0,0.0,0.0,0.0
7025,2018-11-15,4,22.0,18,11,30.96666666666667,24.8,1024.0,998.5,7.6,4.3,8.299999999999999,,34.733333333333334,23.83333333333333,0.0133333333333333,1.2,1.0,0.0,1.0,0.0,0.0,0.0
7030,2016-11-14,1,22.0,26,11,47.36666666666667,36.03333333333333,1014.2,991.2,9.966666666666669,7.2,12.366666666666667,16.933333333333334,60.76666666666667,36.7,0.0,0.0,0.0,0.0,0.0,0.0,0.0,0.0
2046,2018-04-03,2,22.0,20,4,39.86666666666667,35.266666666666666,1008.0,983.0333333333332,5.833333333333333,8.299999999999999,14.7,19.966666666666665,43.46666666666667,31.566666666666663,0.0166666666666666,0.0,0.0,1.0,0.0,0.0,0.0,0.0
3649,2019-06-15,6,22.0,17,6,66.60000000000001,58.1,1008.9,986.6333333333332,9.466666666666669,9.5,18.4,30.7,76.53333333333333,58.36666666666667,0.1066666666666666,0.0,0.0,1.0,0.0,0.0,0.0,0.0
3767,2016-06-19,7,22.0,34,6,78.13333333333334,55.9,1021.9,999.6333333333332,10.0,5.8,12.7,20.666666666666668,90.33333333333331,63.2,0.0,0.0,0.0,0.0,0.0,0.0,0.0,0.0
1120,2018-02-20,2,22.0,22,2,58.833333333333336,57.06666666666666,1010.65,987.8333333333334,7.400000000000001,12.766666666666666,20.966666666666665,29.03333333333333,65.33333333333333,45.53333333333333,1.7033333333333331,0.0,0.0,1.0,0.0,0.0,1.0,0.0
5409,2019-09-03,2,22.0,23,9,71.46666666666665,65.26666666666667,1013.2,990.9,9.9,8.566666666666666,24.366666666666664,38.63333333333333,81.03333333333333,63.86666666666667,0.0366666666666666,0.0,0.0,1.0,0.0,0.0,1.0,0.0
7859,2015-12-23,3,22.0,29,12,48.76666666666667,46.26666666666667,1000.0,977.2333333333332,4.4,11.1,23.0,35.6,60.43333333333334,36.03333333333333,0.01,0.0,1.0,1.0,0.0,0.0,1.0,0.0
1607,2016-03-13,7,22.0,29,3,47.9,44.16666666666666,1011.9,988.2,6.466666666666666,6.833333333333333,12.966666666666669,20.0,54.1,41.66666666666666,0.1466666666666666,0.0,0.0,1.0,0.0,0.0,0.0,0.0
4453,2016-07-20,3,22.0,26,7,79.10000000000001,66.16666666666667,1021.05,998.8666666666668,9.966666666666669,4.766666666666667,9.233333333333334,15.0,89.3,69.66666666666667,0.0,0.0,0.0,0.0,0.0,0.0,0.0,0.0
2109,2019-04-06,6,22.0,25,4,51.93333333333334,44.7,1019.55,996.7333333333332,6.266666666666667,3.233333333333333,10.666666666666666,,66.43333333333334,39.5,0.0,0.0,1.0,0.0,0.0,0.0,0.0,0.0
3869,2019-06-25,2,22.0,26,6,72.53333333333333,60.2,1008.6,986.6,10.0,10.533333333333331,22.0,35.0,85.7,61.43333333333334,0.0933333333333333,0.0,0.0,0.0,0.0,0.0,1.0,0.0
5829,2019-09-22,7,22.0,23,9,72.43333333333334,67.89999999999999,1013.35,990.8333333333334,8.666666666666666,9.566666666666666,16.7,25.0,78.33333333333333,69.53333333333333,0.4033333333333333,0.0,0.0,1.0,0.0,0.0,0.0,0.0
5171,2015-08-23,7,22.0,25,8,71.89999999999999,59.2,1012.25,989.9,9.633333333333333,8.966666666666667,17.1,24.433333333333337,81.36666666666667,60.96666666666667,0.1733333333333333,0.0,0.0,1.0,0.0,0.0,0.0,0.0
3655,2018-06-15,5,22.0,29,6,74.7,57.96666666666667,1014.95,992.6666666666666,10.0,5.166666666666667,10.933333333333332,17.1,88.53333333333335,62.93333333333334,0.0,0.0,0.0,0.0,0.0,0.0,0.0,0.0
2992,2018-05-16,3,22.0,25,5,60.76666666666667,46.43333333333334,1015.95,993.0666666666666,10.0,5.599999999999999,14.066666666666668,15.9,76.7,47.4,0.0,0.0,0.0,0.0,0.0,0.0,0.0,0.0
2483,2019-04-23,2,22.0,17,4,58.43333333333334,48.93333333333334,1013.85,991.1,9.533333333333331,8.733333333333333,17.333333333333332,26.366666666666664,74.39999999999999,48.26666666666667,0.105,0.0,0.0,1.0,0.0,0.0,1.0,0.0
7815,2015-12-21,1,22.0,16,12,46.633333333333326,39.6,1009.2,985.8,8.166666666666666,13.833333333333334,20.33333333333333,28.7,53.2,37.03333333333333,0.2566666666666666,0.0,0.0,1.0,0.0,0.0,0.0,0.0
6788,2016-11-03,4,22.0,20,11,56.8,51.96666666666667,1021.65,998.1333333333332,5.833333333333333,4.266666666666667,10.6,15.0,64.93333333333334,50.43333333333334,0.2766666666666666,0.0,0.0,1.0,0.0,0.0,1.0,0.0
6695,2018-10-31,3,22.0,27,10,54.36666666666667,46.833333333333336,1012.5,987.9666666666668,7.399999999999999,6.533333333333334,13.0,19.05,66.8,47.43333333333334,0.54,0.0,0.0,1.0,0.0,0.0,1.0,0.0
173,2017-01-08,7,22.0,23,1,10.2,-3.4,1039.3000000000002,1013.9,10.0,8.033333333333333,13.966666666666669,21.633333333333336,18.8,2.3000000000000003,0.0,0.0,0.0,0.0,0.0,0.0,0.0,0.0
6666,2017-10-30,1,22.0,25,10,44.16666666666666,30.933333333333334,1006.5,983.0333333333332,10.0,11.0,23.066666666666663,33.666666666666664,50.36666666666667,37.23333333333333,0.0,0.0,0.0,0.0,0.0,0.0,0.0,0.0
7920,2017-12-26,2,22.0,17,12,3.4333333333333336,-7.166666666666667,1035.1,1009.6666666666666,10.0,8.833333333333334,13.0,18.05,14.466666666666669,-1.7666666666666666,0.0033333333333333,1.2,0.0,0.0,0.0,0.0,0.0,0.0
5488,2016-09-05,1,22.0,25,9,74.46666666666665,63.8,1018.5,996.2333333333332,10.0,7.566666666666666,14.7,21.3,88.13333333333333,62.3,0.0,0.0,0.0,0.0,0.0,0.0,0.0,0.0
4950,2017-08-13,7,22.0,27,8,67.66666666666667,54.5,1017.35,994.7,9.933333333333334,2.766666666666667,8.6,,78.03333333333333,56.0,0.0,0.0,0.0,0.0,0.0,0.0,0.0,0.0
3365,2017-06-02,5,22.0,23,6,69.86666666666667,42.46666666666667,1017.35,994.9,10.0,3.966666666666667,9.666666666666666,18.0,84.66666666666667,52.53333333333333,0.0,0.0,0.0,0.0,0.0,0.0,0.0,0.0
2222,2018-04-11,3,22.0,26,4,48.13333333333333,32.5,1016.3,992.8333333333334,9.9,9.366666666666667,13.633333333333333,19.366666666666667,66.53333333333333,33.96666666666667,0.0,0.0,0.0,1.0,0.0,0.0,0.0,0.0
5233,2019-08-26,1,22.0,24,8,70.89999999999999,63.6,1010.45,987.5666666666666,9.433333333333334,8.533333333333333,14.966666666666669,21.366666666666664,78.03333333333333,63.63333333333333,0.07,0.0,0.0,1.0,0.0,0.0,0.0,0.0
6094,2017-10-04,3,22.0,21,10,70.46666666666667,63.36666666666667,1024.15,1001.9,9.533333333333331,8.733333333333333,14.666666666666666,19.666666666666668,75.36666666666666,64.86666666666667,0.06,0.0,0.0,1.0,0.0,0.0,0.0,0.0
3363,2019-06-02,7,22.0,19,6,59.833333333333336,47.03333333333333,1011.95,989.0333333333332,9.666666666666666,6.4,13.333333333333334,20.33333333333333,72.23333333333333,51.833333333333336,0.015,0.0,0.0,1.0,0.0,0.0,0.0,0.0
2088,2017-04-05,3,22.0,16,4,44.43333333333334,40.266666666666666,1011.25,986.9666666666666,7.5,10.2,24.266666666666666,34.733333333333334,51.86666666666667,40.16666666666666,0.09,0.0,0.0,1.0,0.0,0.0,0.0,0.0
4313,2015-07-15,3,22.0,23,7,66.53333333333333,53.23333333333333,1013.9,991.3,10.0,9.0,14.3,22.3,82.33333333333333,60.2,0.0,0.0,0.0,0.0,0.0,0.0,0.0,0.0
1408,2016-03-04,5,22.0,31,3,30.96666666666667,19.866666666666667,1022.1,997.8666666666668,9.766666666666667,5.9,11.966666666666669,16.05,38.23333333333333,21.96666666666667,0.015,1.2,0.0,0.0,1.0,0.0,0.0,0.0
6832,2016-11-05,6,22.0,26,11,53.8,44.46666666666667,1027.15,1004.0666666666666,10.0,5.366666666666667,11.0,,67.83333333333333,43.333333333333336,0.0,0.0,0.0,0.0,0.0,0.0,0.0,0.0
1692,2017-03-18,6,22.0,18,3,41.63333333333333,32.666666666666664,1019.35,995.6666666666666,9.466666666666669,10.8,16.7,26.933333333333334,48.86666666666667,37.333333333333336,0.0,0.0,0.0,0.0,0.0,0.0,0.0,0.0
4796,2017-08-06,7,22.0,25,8,69.8,57.2,1016.1,993.7666666666668,9.933333333333334,4.3,10.6,19.0,77.13333333333333,61.7,0.0,0.0,0.0,0.0,0.0,0.0,0.0,0.0
1516,2015-03-10,2,22.0,24,3,41.5,36.96666666666667,1017.3,994.2,4.366666666666666,5.4,10.266666666666667,15.9,51.833333333333336,24.433333333333334,0.0,3.9,1.0,0.0,0.0,0.0,0.0,0.0
151,2019-01-07,1,22.0,22,1,44.26666666666667,38.833333333333336,1012.7,987.3333333333334,8.933333333333334,14.6,20.666666666666668,30.3,54.5,38.7,0.0533333333333333,0.0,0.0,1.0,0.0,0.0,0.0,0.0
7199,2015-11-23,1,22.0,14,11,29.23333333333333,21.666666666666668,1017.75,993.7666666666668,10.0,8.633333333333333,11.4,15.9,38.1,9.366666666666667,0.0,3.55,0.0,0.0,0.0,0.0,0.0,0.0
6050,2017-10-02,1,22.0,28,10,68.60000000000001,48.26666666666667,1020.0,997.5333333333332,10.0,8.766666666666667,14.666666666666666,21.0,82.73333333333333,55.4,0.0,0.0,0.0,0.0,0.0,0.0,0.0,0.0
7194,2017-11-23,4,22.0,24,11,35.96666666666667,22.3,1018.9,995.1,10.0,7.7,13.366666666666667,18.55,47.1,26.766666666666666,0.0,0.0,0.0,0.0,0.0,0.0,0.0,0.0
5060,2017-08-18,5,22.0,21,8,74.36666666666666,61.6,1008.9,986.9,10.0,9.833333333333334,17.433333333333334,24.366666666666664,82.36666666666667,66.06666666666668,0.03,0.0,0.0,0.0,0.0,0.0,0.0,0.0
2968,2017-05-15,1,22.0,25,5,62.96666666666667,45.9,1013.8,990.9666666666668,10.0,6.533333333333334,11.633333333333333,15.9,83.26666666666667,49.6,0.0,0.0,0.0,0.0,0.0,0.0,0.0,0.0
3523,2018-06-09,6,22.0,24,6,65.60000000000001,59.86666666666667,1016.85,994.1666666666666,8.433333333333334,4.1,14.0,16.05,80.89999999999999,57.06666666666666,0.4566666666666667,0.0,0.0,1.0,0.0,0.0,1.0,0.0
570,2017-01-26,4,22.0,24,1,33.666666666666664,30.133333333333336,1006.75,983.0,8.166666666666666,11.333333333333334,16.3,22.366666666666664,39.13333333333333,31.2,0.02,0.0,0.0,1.0,1.0,0.0,0.0,0.0
3035,2015-05-18,1,22.0,39,5,73.06666666666666,59.4,1014.05,991.8666666666668,10.0,12.333333333333334,19.666666666666668,27.0,82.03333333333333,64.89999999999999,0.1033333333333333,0.0,0.0,0.0,0.0,0.0,0.0,0.0
2923,2019-05-13,1,22.0,23,5,49.4,39.06666666666667,1012.3,989.1666666666666,9.866666666666667,5.933333333333334,12.366666666666667,19.0,60.26666666666667,42.2,0.0933333333333333,0.0,0.0,1.0,0.0,0.0,0.0,0.0
614,2015-01-28,3,22.0,20,1,26.2,17.866666666666667,1024.4,1000.3333333333334,10.0,6.166666666666667,15.666666666666666,21.366666666666664,34.300000000000004,19.933333333333334,0.0,1.2,0.0,0.0,0.0,0.0,0.0,0.0
2621,2016-04-28,4,22.0,26,4,46.66666666666666,41.7,1011.75,988.0,7.866666666666667,8.9,15.333333333333334,21.55,50.9,42.76666666666667,0.56,0.0,0.0,1.0,0.0,0.0,1.0,0.0
3805,2017-06-22,4,22.0,25,6,78.39999999999999,64.8,1009.5,987.5,10.0,9.933333333333332,18.066666666666663,25.4,88.0,65.46666666666665,0.0,0.0,0.0,1.0,0.0,0.0,0.0,0.0
5570,2015-09-10,4,22.0,17,9,64.43333333333334,56.43333333333334,1014.0,991.4,9.9,3.7,13.0,21.73333333333333,76.76666666666667,55.36666666666667,0.0166666666666666,0.0,0.0,1.0,0.0,0.0,1.0,0.0
6869,2015-11-08,7,22.0,23,11,41.86666666666667,27.666666666666668,1029.85,1006.1666666666666,9.766666666666667,3.6666666666666665,8.299999999999999,,53.96666666666667,29.766666666666666,0.0,0.0,0.0,0.0,0.0,0.0,0.0,0.0
6959,2018-11-12,1,22.0,15,11,33.56666666666667,24.0,1026.75,1002.6333333333332,9.833333333333334,5.3,10.7,14.0,39.0,29.46666666666667,0.0,0.0,0.0,0.0,1.0,0.0,0.0,0.0
3657,2016-06-14,2,22.0,25,6,75.86666666666666,58.833333333333336,1010.75,988.5333333333332,10.0,6.4,13.333333333333334,19.55,87.33333333333333,63.76666666666667,0.01,0.0,0.0,1.0,0.0,0.0,0.0,0.0
4840,2017-08-08,2,22.0,18,8,68.8,51.1,1020.45,997.8333333333334,10.0,3.766666666666667,8.299999999999999,14.0,83.16666666666667,55.63333333333333,0.0,0.0,0.0,0.0,0.0,0.0,0.0,0.0
3695,2017-06-17,6,22.0,38,6,78.93333333333334,66.53333333333335,1003.4,981.6666666666666,9.933333333333334,8.799999999999999,16.333333333333332,22.3,87.56666666666666,70.66666666666667,0.0466666666666666,0.0,0.0,1.0,0.0,0.0,0.0,0.0
328,2017-01-15,7,22.0,22,1,26.633333333333336,20.23333333333333,1031.0,1006.6,8.266666666666666,1.7,5.3,,34.666666666666664,20.4,0.0,0.0,0.0,0.0,0.0,0.0,0.0,0.0
7661,2015-12-14,1,22.0,23,12,55.333333333333336,50.76666666666667,993.7,971.9666666666668,8.933333333333334,14.9,29.33333333333333,39.3,62.53333333333333,46.26666666666667,0.8266666666666667,0.0,0.0,1.0,0.0,0.0,0.0,0.0
4430,2016-07-19,2,22.0,26,7,77.96666666666665,63.8,1021.75,999.4666666666668,9.533333333333331,3.2,8.666666666666666,,88.76666666666667,66.86666666666666,0.0033333333333333,0.0,0.0,0.0,0.0,0.0,0.0,0.0
4403,2018-07-19,4,22.0,18,7,74.5,57.76666666666667,1014.65,992.3666666666668,10.0,6.3,14.7,20.666666666666668,87.09999999999998,62.06666666666666,0.0,0.0,0.0,0.0,0.0,0.0,0.0,0.0
7001,2015-11-14,6,22.0,21,11,39.8,25.96666666666667,1024.3,1000.6666666666666,10.0,6.766666666666667,15.666666666666666,21.633333333333336,56.93333333333334,26.6,0.0,0.0,0.0,0.0,0.0,0.0,0.0,0.0
5326,2015-08-30,7,22.0,31,8,69.63333333333334,64.3,1016.7,994.2,5.5,2.966666666666667,7.666666666666667,,77.96666666666665,64.0,0.1333333333333333,0.0,0.0,1.0,0.0,0.0,0.0,0.0
2110,2017-04-06,4,22.0,21,4,42.2,34.7,1008.45,984.5333333333332,8.1,17.466666666666665,23.73333333333333,35.666666666666664,50.0,37.03333333333333,1.3733333333333333,0.0,0.0,1.0,0.0,0.0,0.0,0.0
1714,2015-03-19,4,22.0,29,3,42.76666666666667,16.833333333333332,1024.15,1000.4333333333334,10.0,6.3,13.666666666666666,17.6,49.76666666666667,26.866666666666664,0.0,0.0,0.0,0.0,0.0,0.0,0.0,0.0
7129,2019-11-20,3,22.0,33,11,41.333333333333336,37.86666666666667,1019.65,996.0,5.533333333333334,2.9,9.633333333333333,,48.3,37.03333333333333,0.02,0.0,0.0,0.0,0.0,0.0,0.0,0.0
2661,2015-05-01,5,22.0,45,5,50.03333333333333,36.96666666666667,1020.25,997.1,10.0,4.733333333333333,10.6,14.0,65.16666666666667,37.96666666666667,0.0,0.0,0.0,0.0,0.0,0.0,0.0,0.0
1471,2019-03-08,5,22.0,26,3,28.53333333333333,20.96666666666667,1023.65,665.9333333333334,8.700000000000001,3.9333333333333336,7.666666666666667,,40.03333333333333,19.23333333333333,0.0,0.0,0.0,0.0,1.0,0.0,0.0,0.0
1626,2015-03-15,7,22.0,25,3,45.2,32.46666666666667,1022.1,998.7333333333332,9.7,6.2,16.0,22.96666666666667,62.53333333333333,29.83333333333333,0.0,0.0,0.0,0.0,0.0,0.0,0.0,0.0
5500,2017-09-07,4,22.0,22,9,59.36666666666667,46.833333333333336,1016.75,993.8,10.0,7.066666666666666,14.0,20.33333333333333,70.16666666666667,50.43333333333334,0.0,0.0,0.0,0.0,0.0,0.0,0.0,0.0
790,2018-02-05,1,22.0,15,2,5.9,-2.6333333333333333,1025.9,1000.8666666666668,9.2,6.133333333333333,11.966666666666669,16.0,13.2,-2.4333333333333336,0.0333333333333333,2.0,0.0,0.0,1.0,0.0,0.0,0.0
2505,2019-04-24,3,22.0,17,4,52.16666666666666,38.266666666666666,1015.95,992.8666666666668,9.966666666666669,3.466666666666667,9.633333333333333,14.0,64.73333333333333,40.9,0.0,0.0,0.0,0.0,0.0,0.0,0.0,0.0
1098,2018-02-19,1,22.0,20,2,42.73333333333333,39.36666666666667,1011.9,988.3,6.9,9.266666666666667,17.333333333333332,24.666666666666668,56.6,36.56666666666666,0.0133333333333333,2.0,0.0,1.0,0.0,0.0,0.0,0.0
5748,2018-09-18,2,22.0,19,9,73.26666666666667,63.93333333333334,1013.05,991.0333333333332,9.9,4.8,13.666666666666666,19.7,81.89999999999999,66.39999999999999,0.0,0.0,0.0,0.0,0.0,0.0,0.0,0.0
4265,2019-07-13,6,22.0,26,7,80.73333333333333,64.60000000000001,1013.7,991.7333333333332,10.0,7.066666666666666,13.333333333333334,18.966666666666665,93.36666666666667,65.16666666666667,0.0,0.0,0.0,0.0,0.0,0.0,0.0,0.0
2989,2019-05-16,4,22.0,35,5,65.39999999999999,55.43333333333334,1009.7,987.5666666666666,9.666666666666666,6.9,16.0,27.066666666666663,75.26666666666667,54.2,0.1399999999999999,0.0,0.0,1.0,0.0,0.0,1.0,0.0
2445,2016-04-20,3,22.0,19,4,59.63333333333333,41.2,1018.9,995.8,10.0,8.766666666666666,14.0,17.6,71.66666666666667,50.43333333333334,0.0,0.0,0.0,1.0,0.0,0.0,0.0,0.0
7617,2015-12-12,6,22.0,16,12,53.53333333333333,49.2,1011.75,988.8333333333334,5.133333333333333,4.4,7.633333333333333,,58.56666666666666,44.8,0.0,0.0,1.0,1.0,0.0,0.0,0.0,0.0
5157,2016-08-21,7,22.0,28,8,66.89999999999999,55.7,1010.05,987.7333333333332,10.0,8.299999999999999,14.3,21.33333333333333,77.3,58.93333333333334,0.8633333333333333,0.0,0.0,0.0,0.0,0.0,0.0,0.0
3847,2019-06-24,1,22.0,16,6,71.89999999999999,68.46666666666665,1003.35,981.4333333333334,9.566666666666668,8.233333333333333,17.033333333333335,28.3,79.0,67.43333333333334,0.41,0.0,0.0,1.0,0.0,0.0,0.0,0.0
1890,2015-03-27,5,22.0,36,3,29.866666666666664,16.8,1020.65,996.3333333333334,8.666666666666666,11.1,15.7,24.76666666666667,44.6,24.133333333333336,0.02,1.2,0.0,0.0,1.0,0.0,0.0,0.0
1648,2017-03-16,4,22.0,20,3,27.9,12.166666666666666,1027.35,1003.2,10.0,5.233333333333333,9.633333333333333,15.0,41.06666666666667,15.066666666666668,0.0,1.2,0.0,0.0,0.0,0.0,0.0,0.0
7228,2016-11-23,3,22.0,11,11,39.6,35.36666666666667,1018.55,994.7,5.6000000000000005,8.6,13.0,17.6,43.46666666666667,32.13333333333333,0.1333333333333333,0.0,0.0,1.0,0.0,0.0,0.0,0.0
5660,2018-09-14,5,22.0,25,9,70.96666666666665,59.66666666666666,1019.95,997.4333333333334,9.933333333333334,3.6,10.366666666666667,18.1,85.26666666666667,59.8,0.0,0.0,0.0,0.0,0.0,0.0,0.0,0.0
2286,2015-04-14,2,22.0,24,4,56.46666666666667,25.23333333333333,1022.9,999.35,10.0,4.333333333333333,8.9,,67.16666666666667,41.53333333333333,0.04,0.0,0.0,0.0,0.0,0.0,0.0,0.0
1758,2015-03-21,6,22.0,38,3,42.06666666666667,34.1,1019.05,995.3333333333334,7.733333333333333,10.433333333333334,15.7,20.0,50.06666666666666,36.03333333333333,0.0,0.0,0.0,0.0,0.0,0.0,0.0,0.0
2026,2016-04-01,5,22.0,25,4,44.833333333333336,37.1,1005.35,982.3,9.866666666666667,7.8,21.366666666666664,29.96666666666667,58.866666666666674,39.66666666666666,0.2766666666666666,0.0,0.0,1.0,0.0,0.0,0.0,0.0
4004,2015-07-01,3,22.0,26,7,61.3,52.8,1013.45,991.0666666666666,9.966666666666669,6.766666666666667,10.3,14.0,75.56666666666666,57.2,0.0566666666666666,0.0,0.0,0.0,0.0,0.0,0.0,0.0
1163,2019-02-22,5,22.0,18,2,29.8,20.83333333333333,1029.35,4.966666666666667,9.233333333333333,4.7,10.3,15.9,39.73333333333333,21.23333333333333,0.0,1.2,0.0,0.0,0.0,0.0,0.0,0.0
7140,2016-11-19,6,22.0,45,11,38.53333333333333,25.866666666666664,1017.0,993.5333333333332,10.0,17.900000000000002,24.433333333333337,33.7,49.4,34.36666666666667,0.1649999999999999,0.0,0.0,1.0,1.0,0.0,0.0,0.0
2418,2015-04-20,1,22.0,18,4,50.0,44.63333333333333,994.9,971.5,7.433333333333333,13.466666666666669,23.666666666666668,31.666666666666668,64.16666666666667,45.66666666666666,0.32,0.0,0.0,1.0,0.0,0.0,0.0,0.0
4489,2015-07-23,4,22.0,21,7,75.10000000000001,56.03333333333333,1014.95,992.6666666666666,10.0,3.033333333333333,8.266666666666667,,84.89999999999999,62.73333333333333,0.0,0.0,0.0,0.0,0.0,0.0,0.0,0.0
1696,2016-03-17,4,22.0,28,3,48.6,28.633333333333336,1009.85,987.0333333333332,10.0,13.966666666666669,22.73333333333333,36.7,57.0,41.06666666666666,0.0533333333333333,0.0,0.0,0.0,0.0,0.0,0.0,0.0
2953,2016-05-13,5,22.0,25,5,58.26666666666667,44.2,1014.6,991.8,9.933333333333334,9.466666666666669,15.3,21.0,67.86666666666667,48.5,0.5133333333333333,0.0,0.0,1.0,0.0,0.0,0.0,0.0
569,2015-01-26,1,22.0,26,1,24.1,17.133333333333336,1015.1,990.9666666666668,9.266666666666666,6.666666666666667,14.666666666666666,21.0,35.53333333333333,16.933333333333334,0.07,1.2,0.0,0.0,1.0,0.0,0.0,0.0
2467,2016-04-21,4,22.0,19,4,61.93333333333334,53.0,1010.45,988.1333333333332,7.399999999999999,6.033333333333334,18.3,26.666666666666668,70.96666666666665,57.0,0.2933333333333333,0.0,0.0,1.0,0.0,0.0,0.0,0.0
1581,2019-03-13,3,22.0,18,3,45.5,37.333333333333336,1013.5,990.5666666666666,9.266666666666666,10.266666666666666,15.7,24.03333333333333,59.06666666666666,34.666666666666664,0.1866666666666666,0.0,0.0,1.0,0.0,0.0,0.0,0.0
2440,2015-04-21,2,22.0,26,4,45.93333333333334,28.53333333333333,1003.05,980.2333333333332,10.0,16.433333333333334,28.366666666666664,42.03333333333333,55.76666666666667,39.56666666666667,0.0033333333333333,0.0,0.0,0.0,0.0,0.0,0.0,0.0
7441,2015-12-04,5,22.0,22,12,36.63333333333333,32.13333333333333,1032.45,1008.4,6.633333333333333,8.633333333333333,13.0,17.666666666666668,45.43333333333334,29.633333333333336,0.0,0.0,0.0,0.0,0.0,0.0,0.0,0.0
5609,2019-09-12,4,22.0,19,9,73.46666666666667,68.66666666666667,1017.4,995.4666666666668,8.666666666666666,4.666666666666667,15.0,24.366666666666664,85.60000000000001,65.60000000000001,0.4399999999999999,0.0,0.0,1.0,0.0,0.0,1.0,0.0
3855,2016-06-23,4,22.0,26,6,71.3,66.03333333333333,1010.05,987.4,7.433333333333334,6.5,23.3,30.3,79.13333333333333,67.16666666666667,0.8033333333333333,0.0,1.0,1.0,0.0,0.0,1.0,0.0
504,2017-01-23,1,22.0,23,1,39.6,35.96666666666667,1006.8,983.3,8.5,8.299999999999999,13.7,19.7,43.2,37.5,0.0033333333333333,0.0,0.0,0.0,0.0,0.0,0.0,0.0
6805,2018-11-05,1,22.0,27,11,47.93333333333334,42.23333333333333,1011.55,988.5666666666666,9.466666666666669,10.2,17.033333333333335,27.0,52.3,44.1,0.3899999999999999,0.0,0.0,1.0,0.0,0.0,0.0,0.0
7069,2018-11-17,6,22.0,16,11,34.333333333333336,30.0,1023.85,1000.0666666666666,6.833333333333333,4.933333333333334,10.266666666666667,,36.56666666666667,32.5,0.0,2.0,0.0,1.0,1.0,0.0,0.0,0.0
6017,2016-09-29,4,22.0,17,9,61.4,56.7,1019.7,996.4666666666668,9.133333333333333,12.466666666666669,19.366666666666667,26.366666666666664,66.0,53.36666666666667,0.4166666666666667,0.0,0.0,1.0,0.0,0.0,0.0,0.0
5057,2019-08-18,7,22.0,21,8,73.66666666666667,68.53333333333333,1009.9,987.8333333333334,9.3,6.833333333333333,17.666666666666668,31.6,82.86666666666667,67.53333333333333,0.5,0.0,0.0,1.0,0.0,0.0,1.0,0.0
6600,2019-10-27,7,22.0,28,10,49.5,43.2,1007.85,984.0666666666666,7.566666666666666,11.333333333333334,20.33333333333333,27.96666666666667,58.333333333333336,41.333333333333336,1.6366666666666667,0.0,0.0,1.0,0.0,0.0,0.0,0.0
5588,2017-09-11,1,22.0,20,9,61.46666666666667,48.93333333333334,1025.0500000000002,1002.1333333333332,9.833333333333334,3.766666666666667,8.6,,73.63333333333334,49.333333333333336,0.0,0.0,0.0,0.0,0.0,0.0,0.0,0.0
5973,2016-09-27,2,22.0,33,9,60.5,37.0,1010.2,987.7,10.0,11.166666666666666,22.3,29.33333333333333,71.43333333333334,50.03333333333333,0.0066666666666666,0.0,0.0,0.0,0.0,0.0,0.0,0.0
1362,2015-03-03,2,22.0,17,3,29.23333333333333,22.73333333333333,1018.5,992.4333333333334,6.533333333333334,10.5,16.733333333333334,24.03333333333333,35.4,18.133333333333333,0.05,5.9,0.0,1.0,1.0,0.0,0.0,0.0
3019,2016-05-16,1,22.0,25,5,55.06666666666666,34.4,1019.55,996.6333333333332,10.0,10.0,16.0,24.03333333333333,69.7,40.4,0.0,0.0,0.0,0.0,0.0,0.0,0.0,0.0
6430,2018-10-19,5,22.0,16,10,47.96666666666667,34.9,1021.05,997.1333333333332,9.433333333333332,9.133333333333333,16.333333333333332,24.7,56.6,38.8,0.0066666666666666,0.0,0.0,1.0,0.0,0.0,0.0,0.0
1318,2017-03-01,3,22.0,23,3,47.333333333333336,44.63333333333333,1000.45,977.6,6.2,10.3,24.03333333333333,34.4,59.96666666666667,32.6,1.39,0.0,1.0,1.0,1.0,0.0,1.0,0.0
2352,2017-04-17,1,22.0,29,4,58.86666666666667,37.63333333333333,1020.05,997.1,10.0,4.566666666666666,11.4,,70.46666666666665,45.03333333333333,0.1966666666666666,0.0,0.0,0.0,0.0,0.0,0.0,0.0
3519,2017-06-09,5,22.0,21,6,74.33333333333333,52.23333333333333,1008.3,986.2666666666668,9.966666666666669,7.566666666666666,13.0,19.3,88.46666666666665,59.73333333333333,0.055,0.0,0.0,1.0,0.0,0.0,0.0,0.0
1010,2015-02-15,7,22.0,23,2,5.833333333333333,-5.533333333333334,1034.4499999999998,1009.0666666666666,8.166666666666666,9.1,15.9,22.05,22.866666666666664,-0.9333333333333332,0.0,4.1,0.0,0.0,1.0,0.0,0.0,0.0
7089,2015-11-18,3,22.0,19,11,58.93333333333334,50.03333333333334,1001.6,979.4666666666668,9.566666666666666,18.1,26.633333333333336,38.333333333333336,62.1,47.7,0.5466666666666667,0.0,0.0,1.0,0.0,0.0,0.0,0.0
2595,2015-04-28,2,22.0,20,4,46.66666666666666,33.833333333333336,1020.05,996.7,10.0,4.3,11.7,16.05,58.46666666666667,35.233333333333334,0.0,0.0,0.0,0.0,0.0,0.0,0.0,0.0
7023,2015-11-15,7,22.0,21,11,52.13333333333333,33.46666666666667,1023.0,999.9333333333334,10.0,8.366666666666667,13.666666666666666,20.0,64.8,32.96666666666667,0.0,0.0,0.0,0.0,0.0,0.0,0.0,0.0
2638,2017-04-30,7,22.0,17,4,44.96666666666667,43.833333333333336,1012.2,989.0,3.9666666666666655,12.266666666666666,27.3,36.0,47.93333333333334,41.6,1.6499999999999997,0.0,0.0,1.0,0.0,0.0,1.0,0.0
327,2015-01-15,4,22.0,26,1,21.266666666666666,14.566666666666668,1020.45,996.4666666666668,9.866666666666667,8.4,14.7,17.966666666666665,33.56666666666667,4.566666666666666,0.0,4.1,0.0,0.0,0.0,0.0,0.0,0.0
965,2019-02-13,3,22.0,22,2,19.96666666666667,14.933333333333332,1013.6,987.7,6.933333333333334,15.933333333333332,22.96666666666667,34.0,30.2,11.933333333333332,0.0166666666666666,1.2,0.0,0.0,1.0,0.0,0.0,0.0
5299,2019-08-29,4,22.0,30,8,69.96666666666665,57.16666666666666,1012.95,990.6666666666666,10.0,9.166666666666666,20.7,29.666666666666668,84.96666666666667,57.06666666666666,0.0,0.0,0.0,0.0,0.0,0.0,0.0,0.0
5572,2018-09-10,1,22.0,23,9,64.86666666666666,54.93333333333334,1015.85,992.75,10.0,8.366666666666667,15.0,18.95,72.60000000000001,58.333333333333336,0.0,0.0,0.0,0.0,0.0,0.0,0.0,0.0
3124,2015-05-22,5,22.0,31,5,58.56666666666666,37.2,1020.35,997.3333333333334,10.0,6.666666666666667,11.266666666666666,,68.60000000000001,45.13333333333333,0.0,0.0,0.0,0.0,0.0,0.0,0.0,0.0
3897,2018-06-26,2,22.0,23,6,73.56666666666666,64.3,1014.15,991.9,9.866666666666667,9.2,14.333333333333334,19.666666666666668,83.60000000000001,64.3,0.1633333333333333,0.0,0.0,1.0,0.0,0.0,1.0,0.0
569,2019-01-26,6,22.0,11,1,4.033333333333333,-2.6666666666666665,1023.15,997.4,8.6,4.466666666666666,11.3,15.9,12.6,-6.599999999999999,0.015,5.5,0.0,0.0,1.0,0.0,0.0,0.0
4488,2017-07-23,7,22.0,25,7,79.3,67.33333333333333,1008.05,986.0333333333332,9.866666666666667,4.633333333333334,16.666666666666668,20.966666666666665,89.96666666666665,71.53333333333333,0.0133333333333333,0.0,0.0,1.0,0.0,0.0,1.0,0.0
4972,2017-08-14,1,22.0,27,8,72.13333333333334,57.66666666666666,1012.25,989.9666666666668,10.0,4.0,11.0,15.45,82.93333333333334,60.23333333333333,0.0,0.0,0.0,0.0,0.0,0.0,0.0,0.0
5079,2019-08-19,1,22.0,19,8,76.26666666666667,67.89999999999999,1013.9,991.6666666666666,10.0,3.1333333333333333,8.9,,85.26666666666667,68.43333333333334,0.7433333333333333,0.0,0.0,0.0,0.0,0.0,0.0,0.0
1539,2018-03-11,7,22.0,16,3,33.833333333333336,22.0,1022.4,998.4333333333334,10.0,6.733333333333334,13.333333333333334,18.366666666666667,39.96666666666667,27.366666666666664,0.0,0.0,0.0,0.0,0.0,0.0,0.0,0.0
5851,2019-09-23,1,22.0,33,9,67.93333333333334,59.03333333333334,1013.9,990.9,9.733333333333334,8.033333333333333,16.0,25.3,75.43333333333334,61.06666666666666,0.7033333333333335,0.0,0.0,1.0,0.0,0.0,0.0,0.0
7487,2018-12-06,4,22.0,13,12,30.566666666666663,21.933333333333334,1022.6,998.4,9.766666666666667,8.700000000000001,13.333333333333334,19.066666666666663,32.733333333333334,26.066666666666663,0.0,0.0,0.0,0.0,0.0,0.0,0.0,0.0
4375,2019-07-18,4,22.0,26,7,77.7,72.93333333333334,1009.9,988.5666666666666,8.933333333333332,6.733333333333333,17.7,25.633333333333336,89.0,71.26666666666667,0.25,0.0,0.0,1.0,0.0,0.0,1.0,0.0
217,2017-01-10,2,22.0,30,1,38.5,32.666666666666664,1008.55,983.2333333333332,8.833333333333334,18.166666666666668,33.36666666666667,47.0,51.5,27.433333333333334,0.0766666666666666,0.0,0.0,1.0,1.0,0.0,0.0,0.0
6226,2017-10-10,2,22.0,17,10,63.26666666666667,57.1,1018.55,995.6333333333332,9.5,9.466666666666669,15.4,20.966666666666665,69.26666666666667,59.0,0.0133333333333333,0.0,0.0,1.0,0.0,0.0,0.0,0.0
107,2016-01-05,2,22.0,24,1,25.96666666666667,17.166666666666668,1034.15,1009.7,10.0,7.8,13.666666666666666,18.55,33.63333333333333,18.33333333333333,0.0,1.2,0.0,0.0,0.0,0.0,0.0,0.0
2555,2016-04-25,1,22.0,15,4,70.0,51.6,1006.5,984.3666666666668,10.0,11.066666666666668,18.3,27.96666666666667,82.23333333333333,59.06666666666666,0.0,0.0,0.0,0.0,0.0,0.0,0.0,0.0
5343,2019-08-31,6,22.0,19,8,66.66666666666667,52.26666666666667,1023.6,334.1666666666667,10.0,6.433333333333333,13.3,15.9,76.33333333333333,58.73333333333333,0.0,0.0,0.0,1.0,0.0,0.0,0.0,0.0
5113,2016-08-19,5,22.0,23,8,74.56666666666666,65.76666666666667,1012.3,990.4,9.966666666666669,6.9,17.666666666666668,29.03333333333333,83.7,67.93333333333334,0.61,0.0,0.0,1.0,0.0,0.0,1.0,0.0
416,2016-01-19,2,22.0,26,1,6.933333333333334,-4.533333333333333,1032.15,1006.8666666666668,10.0,6.2,13.333333333333334,18.7,17.333333333333332,-0.2333333333333334,0.0,0.0,0.0,0.0,0.0,0.0,0.0,0.0
4497,2016-07-22,5,22.0,18,7,79.66666666666667,70.83333333333333,1014.85,992.9,9.466666666666669,7.0,20.0,34.333333333333336,89.93333333333334,72.2,1.0233333333333334,0.0,0.0,1.0,0.0,0.0,1.0,0.0
1825,2018-03-24,6,22.0,21,3,35.73333333333333,22.53333333333333,1023.5,999.4666666666668,10.0,12.966666666666669,18.633333333333333,25.633333333333336,41.53333333333333,30.4,0.0,0.0,0.0,0.0,0.0,0.0,0.0,0.0
4342,2016-07-15,5,22.0,18,7,71.86666666666666,58.333333333333336,1013.75,991.6666666666666,9.766666666666667,8.200000000000001,14.3,19.03333333333333,85.03333333333333,64.96666666666667,0.0,0.0,0.0,1.0,0.0,0.0,0.0,0.0
439,2016-01-20,3,22.0,20,1,17.433333333333334,9.166666666666666,1027.75,1002.7,7.8,2.6333333333333333,7.333333333333333,,24.03333333333333,7.400000000000001,0.04,1.2,0.0,0.0,1.0,0.0,0.0,0.0
6232,2018-10-10,3,22.0,23,10,72.26666666666667,64.46666666666667,1006.8,984.4333333333334,9.333333333333334,9.766666666666666,15.333333333333334,24.03333333333333,80.96666666666667,67.39999999999999,0.2666666666666666,0.0,0.0,1.0,0.0,0.0,0.0,0.0
3503,2016-06-07,2,22.0,25,6,63.46666666666667,48.26666666666667,1008.6,986.1666666666666,10.0,8.466666666666667,13.666666666666666,19.0,78.36666666666666,56.76666666666667,0.0,0.0,0.0,0.0,0.0,0.0,0.0,0.0
2816,2018-05-08,2,22.0,39,5,67.7,42.23333333333333,1019.5,996.9666666666668,10.0,4.8,10.966666666666669,19.0,80.96666666666667,50.63333333333333,0.0,0.0,0.0,0.0,0.0,0.0,0.0,0.0
2285,2019-04-14,7,22.0,16,4,37.03333333333333,30.2,1013.25,986.6333333333332,5.766666666666667,13.2,22.03333333333333,32.7,50.66666666666666,32.53333333333333,0.0766666666666666,3.1,1.0,1.0,1.0,0.0,0.0,0.0
1296,2015-02-28,6,22.0,18,2,6.633333333333333,-3.933333333333333,1040.1999999999998,1014.15,9.966666666666669,3.633333333333333,7.633333333333333,,21.866666666666664,-7.466666666666666,0.0,6.9,0.0,0.0,0.0,0.0,0.0,0.0
6138,2017-10-06,5,22.0,27,10,64.8,61.16666666666666,1015.7,993.1,5.733333333333333,4.8,11.4,15.45,73.66666666666667,59.333333333333336,0.1266666666666666,0.0,0.0,1.0,0.0,0.0,0.0,0.0
2440,2017-04-21,5,22.0,31,4,50.26666666666667,37.03333333333333,1016.8,993.7333333333332,10.0,11.8,16.733333333333334,27.666666666666668,58.333333333333336,44.86666666666667,0.0,0.0,0.0,0.0,0.0,0.0,0.0,0.0
7157,2018-11-21,3,22.0,22,11,32.1,23.266666666666666,1024.1,1000.1333333333332,9.933333333333334,9.3,14.633333333333333,22.33333333333333,36.63333333333333,28.5,0.0,0.0,0.0,0.0,0.0,0.0,0.0,0.0
4293,2018-07-14,6,22.0,27,7,77.36666666666666,68.7,1016.7,994.6,9.7,4.266666666666667,8.933333333333334,,89.86666666666667,71.96666666666667,0.0733333333333333,0.0,0.0,1.0,0.0,0.0,0.0,0.0
1563,2016-03-11,5,22.0,24,3,42.86666666666667,34.06666666666666,1026.55,1002.7,9.6,4.766666666666667,8.6,,53.43333333333334,35.300000000000004,0.0,0.0,0.0,0.0,0.0,0.0,0.0,0.0
6915,2018-11-10,6,22.0,15,11,25.133333333333336,12.9,1026.1999999999998,1001.8,9.966666666666669,11.733333333333334,19.7,31.366666666666664,34.93333333333333,19.666666666666668,0.0166666666666666,0.0,0.0,0.0,0.0,0.0,0.0,0.0
4010,2016-06-30,4,22.0,25,6,69.96666666666667,48.833333333333336,1016.0,993.7,10.0,6.1000000000000005,15.466666666666669,16.5,79.60000000000001,58.13333333333333,0.0,0.0,0.0,0.0,0.0,0.0,0.0,0.0
5365,2019-09-01,7,22.0,29,9,67.0,60.63333333333333,1020.45,997.5666666666666,9.566666666666668,4.066666666666666,10.666666666666666,,73.26666666666667,61.53333333333333,0.615,0.0,0.0,1.0,0.0,0.0,0.0,0.0
42,2018-01-02,2,22.0,18,1,-3.633333333333333,-11.533333333333331,1037.85,1011.9333333333334,10.0,8.1,14.0,17.5,6.333333333333333,-10.466666666666669,0.0,1.6,0.0,0.0,0.0,0.0,0.0,0.0
5830,2017-09-22,5,22.0,21,9,82.8,67.7,1016.05,994.1333333333332,10.0,5.066666666666666,10.366666666666667,15.45,93.73333333333332,71.13333333333333,0.0,0.0,0.0,0.0,0.0,0.0,0.0,0.0
900,2015-02-10,2,22.0,22,2,26.866666666666664,18.23333333333333,1024.2,1000.1,9.866666666666667,6.3,10.933333333333332,17.1,32.13333333333333,21.1,0.0,4.9,0.0,0.0,0.0,0.0,0.0,0.0
7707,2018-12-16,7,22.0,25,12,35.833333333333336,31.1,1019.95,996.2333333333332,6.633333333333333,4.933333333333334,11.3,,50.4,26.46666666666667,0.0,0.0,1.0,0.0,0.0,0.0,0.0,0.0
372,2017-01-17,2,22.0,25,1,38.06666666666667,37.5,1012.75,988.0666666666666,4.433333333333334,7.800000000000001,12.7,20.0,42.96666666666667,33.7,0.9133333333333334,0.0,0.0,1.0,0.0,0.0,1.0,0.0
4973,2015-08-14,5,22.0,20,8,77.8,65.66666666666667,1017.75,995.6666666666666,10.0,7.8,11.666666666666666,14.0,89.5,66.3,0.0,0.0,0.0,0.0,0.0,0.0,0.0,0.0
548,2018-01-25,4,22.0,22,1,31.566666666666663,25.0,1026.95,1003.0666666666666,9.7,7.6,16.0,22.45,43.73333333333333,24.03333333333333,0.0066666666666666,1.2,0.0,0.0,0.0,0.0,0.0,0.0
2376,2018-04-18,3,22.0,16,4,34.300000000000004,26.399999999999995,1012.15,988.0333333333332,9.266666666666666,8.233333333333333,16.7,22.73333333333333,39.6,28.566666666666663,0.0,0.0,0.0,1.0,0.0,0.0,0.0,0.0
3591,2016-06-11,6,22.0,24,6,83.5,62.66666666666666,1012.6,990.6666666666666,10.0,8.833333333333334,13.633333333333333,20.73333333333333,92.53333333333336,68.96666666666667,0.0333333333333333,0.0,0.0,0.0,0.0,0.0,0.0,0.0
7177,2015-11-22,7,22.0,22,11,19.866666666666667,13.633333333333333,1022.4,998.1333333333332,9.866666666666667,7.133333333333333,15.333333333333334,21.0,34.300000000000004,9.366666666666667,0.52,4.5,0.0,0.0,0.0,0.0,0.0,0.0
1781,2018-03-22,4,22.0,20,3,34.43333333333333,20.166666666666668,1026.35,1002.2666666666668,10.0,4.733333333333333,9.566666666666668,,47.76666666666667,23.9,0.0,0.0,0.0,0.0,0.0,0.0,0.0,0.0
4797,2015-08-06,4,22.0,24,8,73.73333333333333,59.53333333333333,1014.15,991.7666666666668,9.966666666666669,6.533333333333334,11.0,14.633333333333333,82.86666666666667,60.73333333333333,0.0,0.0,0.0,0.0,0.0,0.0,0.0,0.0
7813,2019-12-21,6,22.0,17,12,37.53333333333333,28.666666666666668,1028.0,4.2,9.8,6.566666666666666,10.3,17.1,47.56666666666666,27.5,0.0,0.0,0.0,0.0,0.0,0.0,0.0,0.0
3342,2017-06-01,4,22.0,33,6,65.7,41.766666666666666,1016.8,994.4666666666668,10.0,4.366666666666666,10.266666666666667,15.0,78.76666666666667,50.96666666666667,0.01,0.0,0.0,0.0,0.0,0.0,0.0,0.0
41,2017-01-02,1,22.0,17,1,34.53333333333333,28.83333333333333,1020.1,995.6666666666666,7.233333333333333,4.7,9.633333333333333,,39.66666666666666,25.4,0.0466666666666666,0.0,0.0,1.0,0.0,0.0,0.0,0.0
4642,2017-07-30,7,22.0,23,7,72.43333333333334,58.06666666666666,1021.15,998.6,10.0,4.033333333333333,10.066666666666666,,83.23333333333333,60.96666666666667,0.0,0.0,0.0,0.0,0.0,0.0,0.0,0.0
7876,2017-12-24,7,22.0,19,12,22.266666666666666,14.866666666666667,1023.45,998.1666666666666,6.4,5.6000000000000005,13.0,18.55,28.4,19.5,0.0,2.0,1.0,0.0,1.0,0.0,0.0,0.0
1891,2018-03-27,2,22.0,25,3,49.23333333333333,45.9,1015.4,992.1333333333332,6.933333333333334,10.2,14.966666666666669,21.933333333333334,52.66666666666666,41.333333333333336,0.2866666666666667,0.0,0.0,1.0,0.0,0.0,0.0,0.0
2902,2017-05-12,5,22.0,42,5,57.5,43.13333333333333,1014.45,991.5,9.866666666666667,5.033333333333333,11.966666666666669,18.0,70.26666666666667,44.66666666666666,0.0,0.0,0.0,0.0,0.0,0.0,0.0,0.0
4906,2017-08-11,5,22.0,23,8,72.39999999999999,61.0,1014.4,992.1,9.933333333333334,7.033333333333334,13.666666666666666,20.0,82.2,65.13333333333334,0.01,0.0,0.0,0.0,0.0,0.0,0.0,0.0
3627,2019-06-14,5,22.0,24,6,63.79999999999999,45.1,1014.85,992.2666666666668,10.0,9.266666666666667,21.0,32.666666666666664,79.96666666666665,49.23333333333333,0.0233333333333333,0.0,0.0,0.0,0.0,0.0,0.0,0.0
5962,2017-09-28,4,22.0,22,9,62.26666666666667,45.66666666666666,1021.3,998.3666666666668,10.0,6.9,11.966666666666669,14.0,72.53333333333335,53.26666666666667,0.0,0.0,0.0,0.0,0.0,0.0,0.0,0.0
2489,2016-04-22,5,22.0,21,4,50.70000000000001,44.36666666666667,1013.8,991.1666666666666,8.4,9.133333333333333,18.066666666666663,24.366666666666664,62.56666666666666,43.13333333333333,0.01,0.0,0.0,1.0,0.0,0.0,0.0,0.0
1980,2018-03-31,6,22.0,19,3,44.23333333333333,33.56666666666666,1016.65,993.4333333333334,9.833333333333334,11.4,23.3,34.333333333333336,59.53333333333333,34.2,0.0133333333333333,0.0,0.0,1.0,0.0,0.0,0.0,0.0
3057,2015-05-19,2,22.0,22,5,50.96666666666667,36.7,1021.75,998.6,10.0,10.266666666666667,17.433333333333334,24.03333333333333,73.3,46.36666666666667,0.0,0.0,0.0,0.0,0.0,0.0,0.0,0.0
1165,2016-02-22,1,22.0,18,2,35.43333333333334,26.3,1022.45,998.5666666666666,10.0,3.9,10.3,15.9,44.13333333333333,26.3,0.0,0.0,0.0,0.0,0.0,0.0,0.0,0.0
7796,2018-12-20,4,22.0,21,12,44.16666666666666,39.6,1005.95,982.4333333333334,8.0,6.066666666666666,12.033333333333331,20.33333333333333,48.66666666666666,38.43333333333334,0.0,0.0,0.0,1.0,0.0,0.0,0.0,0.0
6512,2019-10-23,3,22.0,28,10,48.0,34.56666666666667,1011.75,989.3666666666668,10.0,7.899999999999999,13.7,22.33333333333333,59.06666666666666,38.6,0.02,0.0,0.0,0.0,0.0,0.0,0.0,0.0
6710,2019-11-01,5,22.0,28,11,31.83333333333333,24.96666666666667,1022.2,998.2666666666668,9.6,8.200000000000001,14.3,22.7,44.76666666666667,23.9,0.0499999999999999,2.0,0.0,0.0,0.0,0.0,0.0,0.0
7283,2019-11-27,3,22.0,19,11,45.53333333333333,40.5,1000.9,984.5666666666666,8.166666666666666,17.066666666666666,32.7,48.36666666666667,55.93333333333334,35.666666666666664,0.4399999999999999,0.0,0.0,1.0,0.0,0.0,0.0,0.0
7928,2018-12-26,3,22.0,18,12,34.46666666666667,28.53333333333333,1029.5500000000002,1005.5666666666666,8.966666666666667,1.9666666666666668,9.966666666666669,,47.333333333333336,25.933333333333334,0.0,0.0,0.0,0.0,0.0,0.0,0.0,0.0
1121,2016-02-20,6,22.0,31,2,49.9,31.566666666666663,1010.4,987.5666666666666,10.0,13.133333333333333,27.666666666666668,39.36666666666667,61.06666666666666,39.63333333333333,0.0,0.0,0.0,0.0,0.0,0.0,0.0,0.0
6215,2016-10-08,6,22.0,26,10,53.03333333333333,39.13333333333333,1024.05,1000.8,10.0,5.5,9.9,14.0,66.56666666666666,41.13333333333333,0.0,0.0,0.0,0.0,0.0,0.0,0.0,0.0
2462,2015-04-22,3,22.0,23,4,40.76666666666667,23.33333333333333,1008.05,984.8,9.966666666666669,12.166666666666666,19.33333333333333,26.7,52.1,35.1,0.0,0.0,0.0,0.0,0.0,0.0,0.0,0.0
6546,2016-10-23,7,22.0,24,10,55.333333333333336,44.833333333333336,1014.0,991.1333333333332,9.933333333333334,7.866666666666666,20.33333333333333,27.96666666666667,72.89999999999999,41.333333333333336,0.0,0.0,0.0,0.0,0.0,0.0,0.0,0.0
768,2018-02-04,7,22.0,20,2,26.9,20.23333333333333,1011.7,988.3,6.2,12.6,19.03333333333333,30.4,38.53333333333333,13.2,0.0266666666666666,2.0,0.0,0.0,1.0,0.0,0.0,0.0
1296,2018-02-28,3,22.0,22,2,51.03333333333333,40.4,1010.8,988.0666666666666,9.766666666666667,9.5,14.0,19.7,60.7,38.1,0.0033333333333333,0.0,0.0,0.0,0.0,0.0,0.0,0.0
3058,2018-05-19,6,22.0,21,5,60.5,57.5,1012.0,989.3,5.366666666666667,4.466666666666666,9.566666666666668,,69.16666666666667,54.2,0.075,0.0,0.0,1.0,0.0,0.0,0.0,0.0
7597,2018-12-11,2,22.0,18,12,29.03333333333333,23.0,1019.35,995.4333333333334,6.733333333333333,6.966666666666666,11.3,17.0,38.63333333333333,20.433333333333334,0.0,0.0,0.0,0.0,0.0,0.0,0.0,0.0
481,2015-01-22,4,22.0,19,1,31.03333333333333,23.766666666666666,1028.65,1004.0,9.9,4.333333333333333,7.966666666666666,,34.300000000000004,28.933333333333334,0.0033333333333333,0.0,0.0,0.0,0.0,0.0,0.0,0.0
7397,2015-12-02,3,22.0,22,12,35.36666666666667,30.83333333333333,1009.9,985.7666666666668,7.399999999999999,7.0,12.366666666666667,18.1,43.16666666666666,31.766666666666666,0.0466666666666666,0.0,1.0,1.0,1.0,0.0,0.0,0.0
945,2016-02-12,5,22.0,24,2,19.9,6.6000000000000005,1024.1,999.4,9.733333333333334,9.566666666666668,21.0,27.33333333333333,24.633333333333336,12.633333333333333,0.0,0.0,0.0,0.0,1.0,0.0,0.0,0.0
989,2016-02-14,7,22.0,19,2,14.6,2.4333333333333336,1029.9499999999998,1004.1,8.0,8.066666666666668,16.0,21.0,18.366666666666667,8.766666666666667,0.0,1.6,0.0,0.0,1.0,0.0,0.0,0.0
6539,2015-10-24,6,22.0,25,10,62.93333333333334,57.16666666666666,1010.9,988.2666666666668,9.233333333333333,12.066666666666668,21.7,32.1,67.39999999999999,51.23333333333333,0.1566666666666666,0.0,0.0,1.0,0.0,0.0,0.0,0.0
5918,2019-09-26,4,22.0,21,9,66.06666666666666,46.93333333333334,1012.05,989.7,10.0,7.733333333333334,11.3,18.966666666666665,75.66666666666667,55.73333333333333,0.0,0.0,0.0,0.0,0.0,0.0,0.0,0.0
6160,2019-10-07,1,22.0,37,10,59.03333333333333,43.93333333333334,1020.9,998.0,10.0,5.866666666666667,12.366666666666667,20.0,70.13333333333333,46.56666666666666,0.0,0.0,0.0,0.0,0.0,0.0,0.0,0.0
4334,2017-07-16,7,22.0,29,7,71.53333333333333,61.93333333333334,1015.7,993.3,10.0,8.5,20.633333333333333,28.366666666666664,79.36666666666666,64.3,0.0,0.0,0.0,1.0,0.0,0.0,0.0,0.0
637,2016-01-29,5,22.0,24,1,29.633333333333336,15.466666666666669,1013.35,989.4333333333334,9.966666666666669,8.266666666666667,14.066666666666668,18.55,36.56666666666667,22.33333333333333,0.0,0.0,0.0,0.0,0.0,0.0,0.0,0.0
4356,2017-07-17,1,22.0,26,7,67.96666666666667,56.73333333333333,1016.85,994.1666666666666,10.0,5.766666666666667,13.7,19.0,78.03333333333333,56.1,0.0,0.0,0.0,0.0,0.0,0.0,0.0,0.0
4379,2015-07-18,6,22.0,22,7,80.26666666666667,70.60000000000001,1009.25,987.3333333333334,9.933333333333334,7.166666666666667,16.733333333333334,27.0,91.96666666666664,71.23333333333333,0.03,0.0,0.0,1.0,0.0,0.0,1.0,0.0
6622,2017-10-28,6,22.0,22,10,38.333333333333336,31.066666666666663,1011.5,987.7333333333332,9.6,10.566666666666668,16.3,22.366666666666664,45.46666666666667,35.56666666666667,0.0,0.0,0.0,1.0,0.0,0.0,0.0,0.0
7590,2017-12-11,1,22.0,24,12,30.53333333333333,22.03333333333333,1013.75,990.2333333333332,9.9,5.966666666666666,11.1,16.55,39.36666666666667,21.666666666666668,0.0,1.2,0.0,0.0,1.0,0.0,0.0,0.0
2132,2015-04-07,2,22.0,23,4,42.03333333333333,37.6,1018.1,994.3,5.8,9.5,15.6,22.0,51.66666666666666,39.3,0.0933333333333333,0.0,0.0,1.0,0.0,0.0,0.0,0.0
6502,2016-10-21,5,22.0,28,10,48.53333333333333,36.333333333333336,1021.5,997.9,9.933333333333334,10.633333333333333,14.333333333333334,21.3,54.6,43.3,0.0,0.0,0.0,0.0,0.0,0.0,0.0,0.0
6452,2018-10-20,6,22.0,15,10,47.16666666666666,37.06666666666667,1012.7,989.5666666666666,10.0,12.833333333333334,26.633333333333336,43.63333333333333,53.56666666666666,37.43333333333333,0.045,0.0,0.0,1.0,1.0,0.0,0.0,0.0
3195,2016-05-24,2,22.0,25,5,72.7,45.63333333333333,1013.7,991.5,10.0,8.133333333333333,16.0,24.33333333333333,87.33333333333333,55.8,0.0,0.0,0.0,0.0,0.0,0.0,0.0,0.0
2224,2016-04-10,7,22.0,12,4,37.63333333333333,26.766666666666666,1016.0,991.5,8.9,12.566666666666668,20.4,26.366666666666664,48.3,28.83333333333333,0.0166666666666666,0.0,0.0,1.0,1.0,0.0,0.0,0.0
1801,2019-03-23,6,22.0,33,3,36.46666666666667,25.633333333333336,1025.9499999999998,2.066666666666667,9.733333333333334,2.6666666666666665,8.266666666666667,,52.6,24.7,0.0,0.0,0.0,0.0,0.0,0.0,0.0,0.0
7243,2015-11-25,3,22.0,17,11,41.266666666666666,31.866666666666664,1024.0,1000.5333333333332,9.866666666666667,9.633333333333336,16.400000000000002,21.96666666666667,50.6,22.4,0.0,2.15,0.0,0.0,0.0,0.0,0.0,0.0
6673,2018-10-30,2,22.0,14,10,52.13333333333333,42.73333333333333,1013.9,990.7666666666668,9.433333333333334,6.533333333333334,11.966666666666669,25.0,67.16666666666667,42.13333333333333,0.0,0.0,0.0,0.0,0.0,0.0,0.0,0.0
5594,2018-09-11,2,22.0,16,9,65.83333333333333,56.23333333333333,1019.45,996.8333333333334,8.666666666666666,2.7,8.299999999999999,15.0,79.16666666666667,54.13333333333333,0.0,0.0,0.0,0.0,0.0,0.0,0.0,0.0
2156,2018-04-08,7,22.0,20,4,30.46666666666667,14.666666666666666,1019.5,995.5,10.0,4.166666666666667,10.266666666666667,,39.53333333333333,19.5,0.0,0.0,0.0,0.0,0.0,0.0,0.0,0.0
6953,2019-11-12,2,22.0,17,11,14.6,2.9333333333333336,1032.1999999999998,7.033333333333334,10.0,10.666666666666666,15.733333333333334,25.666666666666668,25.933333333333334,8.5,0.03,2.55,0.0,0.0,0.0,0.0,0.0,0.0
1517,2018-03-10,6,22.0,27,3,32.1,18.366666666666667,1018.75,994.8333333333334,10.0,4.433333333333334,10.266666666666667,14.0,40.46666666666667,22.166666666666668,0.0,0.0,0.0,0.0,0.0,0.0,0.0,0.0
7371,2019-12-01,7,22.0,23,12,39.66666666666666,37.7,996.25,972.8666666666668,6.4,8.633333333333333,18.3,25.666666666666668,42.03333333333333,35.9,0.2033333333333333,0.0,0.0,1.0,0.0,0.0,0.0,0.0
7217,2019-11-24,7,22.0,15,11,38.23333333333333,31.03333333333333,1005.65,982.6666666666666,10.0,7.666666666666667,11.4,16.55,50.0,29.5,0.0,0.0,0.0,0.0,0.0,0.0,0.0,0.0
284,2016-01-13,3,22.0,15,1,7.399999999999999,-0.2,1020.8,995.7,9.833333333333334,8.066666666666666,13.666666666666666,19.7,22.83333333333333,-1.2333333333333334,0.005,2.0,0.0,0.0,1.0,0.0,0.0,0.0
7404,2016-12-01,4,22.0,24,12,37.7,31.8,1008.2,985.2666666666668,9.866666666666667,12.466666666666669,16.3,23.3,42.4,35.4,0.0,0.0,0.0,1.0,1.0,0.0,0.0,0.0
6974,2017-11-13,1,22.0,15,11,37.06666666666666,33.96666666666667,1031.15,1007.3333333333334,5.233333333333333,4.566666666666666,7.966666666666666,,42.266666666666666,29.666666666666668,0.0699999999999999,0.0,0.0,0.0,0.0,0.0,0.0,0.0
3385,2019-06-03,1,22.0,26,6,58.3,41.2,1018.4,995.4666666666668,10.0,5.833333333333333,9.966666666666669,,68.73333333333333,49.833333333333336,0.0,0.0,0.0,0.0,0.0,0.0,0.0,0.0
371,2015-01-17,6,22.0,21,1,34.86666666666667,27.76666666666667,1010.45,987.3333333333334,8.9,12.233333333333334,20.666666666666668,29.03333333333333,42.333333333333336,20.53333333333333,0.0,1.2,0.0,0.0,0.0,0.0,0.0,0.0
1515,2019-03-10,7,22.0,12,3,37.56666666666667,33.0,1008.5,981.9333333333334,8.799999999999999,17.866666666666664,27.3,42.333333333333336,44.36666666666667,31.766666666666666,0.3533333333333333,0.0,0.0,1.0,0.0,0.0,0.0,0.0
41,2015-01-02,5,22.0,21,1,26.6,16.866666666666664,1023.9,999.6,10.0,4.833333333333333,14.333333333333334,18.066666666666663,34.766666666666666,15.266666666666666,0.0,0.0,0.0,0.0,0.0,0.0,0.0,0.0
1428,2018-03-06,2,22.0,14,3,35.5,32.0,1007.6,984.0333333333332,6.333333333333333,8.4,15.266666666666666,23.066666666666663,41.73333333333333,32.733333333333334,0.0933333333333333,0.0,0.0,1.0,1.0,0.0,0.0,0.0
4231,2016-07-10,7,22.0,23,7,72.26666666666667,56.66666666666666,1017.1,994.6666666666666,10.0,3.733333333333333,10.666666666666666,,82.63333333333334,60.26666666666667,0.0,0.0,0.0,0.0,0.0,0.0,0.0,0.0
459,2015-01-21,3,22.0,26,1,32.63333333333333,29.666666666666668,1017.45,993.2333333333332,6.233333333333333,6.366666666666667,11.0,,39.2,30.666666666666668,0.005,0.0,0.0,1.0,1.0,0.0,0.0,0.0
7250,2016-11-24,4,22.0,25,11,40.66666666666666,36.96666666666667,1019.65,995.5666666666666,8.166666666666666,7.766666666666666,12.7,15.9,45.06666666666666,36.833333333333336,0.1333333333333333,0.0,0.0,1.0,0.0,0.0,0.0,0.0
4051,2018-07-03,2,22.0,31,7,76.93333333333334,63.7,1019.1,996.7333333333332,10.0,4.666666666666667,9.966666666666669,,89.89999999999999,63.56666666666666,0.0,0.0,0.0,0.0,0.0,0.0,0.0,0.0
2286,2017-04-14,5,22.0,36,4,55.53333333333333,43.833333333333336,1023.1,999.7333333333332,10.0,7.066666666666666,9.966666666666669,22.0,70.16666666666667,46.2,0.17,0.0,0.0,0.0,0.0,0.0,0.0,0.0
3451,2019-06-06,4,22.0,35,6,65.16666666666667,59.06666666666666,1011.05,988.4333333333334,7.233333333333333,4.9,11.0,15.55,78.60000000000001,57.3,0.0999999999999999,0.0,0.0,0.0,0.0,0.0,0.0,0.0
6342,2018-10-15,1,22.0,21,10,44.56666666666666,35.233333333333334,1020.0,996.2333333333332,8.700000000000001,9.533333333333331,15.266666666666666,22.0,53.86666666666667,37.5,0.17,0.0,0.0,1.0,0.0,0.0,0.0,0.0
1561,2018-03-12,1,22.0,26,3,35.666666666666664,23.600000000000005,1020.45,996.5333333333332,9.933333333333334,6.566666666666666,14.933333333333332,20.7,45.0,26.566666666666663,0.0,0.0,0.0,0.0,0.0,0.0,0.0,0.0
6561,2015-10-25,7,22.0,27,10,51.9,38.86666666666667,1025.1,1001.0333333333332,9.866666666666667,5.7,16.0,22.33333333333333,67.39999999999999,39.56666666666667,0.265,0.0,0.0,0.0,0.0,0.0,0.0,0.0
2749,2015-05-05,2,22.0,27,5,54.13333333333333,47.93333333333334,1022.35,999.2666666666668,5.766666666666667,6.666666666666667,11.333333333333334,19.05,69.96666666666667,49.7,0.8266666666666667,0.0,0.0,1.0,0.0,0.0,1.0,0.0
1958,2018-03-30,5,22.0,24,3,38.8,28.83333333333333,1021.1,997.5333333333332,10.0,7.366666666666667,12.366666666666667,18.1,49.26666666666667,34.06666666666667,0.0166666666666666,0.0,0.0,0.0,0.0,0.0,0.0,0.0
5550,2018-09-09,7,22.0,17,9,63.73333333333333,51.23333333333333,1017.75,994.65,10.0,13.433333333333332,19.3,25.666666666666668,69.03333333333333,59.3,0.0,0.0,0.0,0.0,0.0,0.0,0.0,0.0
2725,2019-05-04,6,22.0,17,5,49.4,39.06666666666666,1016.45,993.2000000000002,9.933333333333334,5.733333333333333,10.366666666666667,14.0,60.76666666666667,40.7,0.01,0.0,0.0,1.0,0.0,0.0,0.0,0.0
7575,2018-12-10,1,22.0,28,12,23.366666666666664,18.3,1026.1999999999998,1001.8,6.533333333333334,4.166666666666667,10.3,,33.56666666666667,15.633333333333336,0.0,0.0,0.0,0.0,0.0,0.0,0.0,0.0
1670,2017-03-17,5,22.0,19,3,37.63333333333333,30.73333333333333,1019.6,995.1333333333332,6.8,7.466666666666666,11.733333333333334,16.5,47.96666666666667,28.766666666666666,0.04,1.2,0.0,1.0,1.0,0.0,0.0,0.0
6737,2015-11-02,1,22.0,26,11,57.833333333333336,43.73333333333333,1014.5,991.8666666666668,10.0,8.033333333333333,15.6,21.633333333333336,72.33333333333333,44.53333333333333,0.0,0.0,0.0,0.0,0.0,0.0,0.0,0.0
4599,2015-07-28,2,22.0,23,7,80.2,65.53333333333333,1014.15,991.9666666666668,10.0,5.733333333333333,12.366666666666667,,91.86666666666667,67.53333333333333,0.0,0.0,0.0,0.0,0.0,0.0,0.0,0.0
6649,2015-10-29,4,22.0,33,10,41.06666666666667,32.36666666666667,1003.9,980.6,10.0,15.366666666666667,20.666666666666668,31.366666666666664,57.3,36.5,0.1,0.0,0.0,1.0,0.0,0.0,0.0,0.0
6629,2018-10-28,7,22.0,18,10,46.866666666666674,42.1,1007.9,984.5,7.866666666666667,8.799999999999999,19.066666666666663,30.366666666666664,52.73333333333333,41.43333333333334,0.1233333333333333,0.0,0.0,1.0,0.0,0.0,0.0,0.0
7690,2016-12-14,3,22.0,19,12,10.333333333333334,0.5,1024.05,999.2666666666668,9.966666666666669,10.566666666666666,20.03333333333333,30.3,21.366666666666664,1.5,0.0,3.5,0.0,0.0,1.0,0.0,0.0,0.0
3320,2017-05-31,3,22.0,22,5,63.5,45.53333333333333,1014.3,991.7333333333332,10.0,8.0,15.6,21.96666666666667,73.3,52.53333333333333,0.0033333333333333,0.0,0.0,1.0,0.0,0.0,0.0,0.0
8012,2019-12-30,1,22.0,19,12,38.93333333333333,35.06666666666667,998.6,975.7333333333332,8.700000000000001,12.633333333333333,21.933333333333334,31.666666666666668,53.26666666666667,29.53333333333333,0.4766666666666666,0.0,0.0,1.0,1.0,0.0,0.0,0.0
152,2016-01-07,4,22.0,22,1,37.0,25.366666666666664,1020.5,996.7,10.0,6.066666666666666,8.933333333333334,,42.333333333333336,30.2,0.0,1.2,0.0,0.0,0.0,0.0,0.0,0.0
1275,2016-02-27,6,22.0,17,2,35.800000000000004,24.666666666666668,1016.7,993.1666666666666,9.966666666666669,10.1,15.9,23.3,51.333333333333336,26.23333333333333,0.0,0.0,0.0,0.0,0.0,0.0,0.0,0.0
504,2018-01-23,2,22.0,24,1,35.63333333333333,31.33333333333333,1006.75,982.0333333333332,8.766666666666667,9.9,23.366666666666664,30.633333333333336,52.0,29.933333333333334,0.33,0.0,0.0,1.0,1.0,0.0,0.0,0.0
7624,2016-12-11,7,22.0,14,12,26.766666666666666,23.766666666666666,1021.15,995.15,3.233333333333333,8.1,13.0,16.5,32.96666666666667,20.966666666666665,0.0966666666666666,5.1,1.0,0.0,1.0,0.0,0.0,0.0
3811,2016-06-21,2,22.0,18,6,75.93333333333334,51.73333333333333,1014.95,992.6666666666666,10.0,7.2,14.3,20.33333333333333,90.6,63.43333333333334,0.0,0.0,0.0,0.0,0.0,0.0,0.0,0.0
6099,2015-10-04,7,22.0,20,10,52.23333333333333,47.16666666666666,1022.2,998.8,9.733333333333333,10.566666666666666,16.966666666666665,24.366666666666664,58.26666666666667,47.9,0.015,0.0,0.0,1.0,0.0,0.0,0.0,0.0
4268,2017-07-13,4,22.0,27,7,77.7,68.8,1013.4,991.2333333333332,9.933333333333334,8.166666666666666,18.4,26.03333333333333,83.46666666666667,72.36666666666667,0.8366666666666666,0.0,0.0,1.0,0.0,0.0,0.0,0.0
4467,2015-07-22,3,22.0,18,7,73.5,54.6,1013.7,991.4,10.0,3.1333333333333333,8.299999999999999,,82.86666666666667,63.06666666666666,0.0,0.0,0.0,0.0,0.0,0.0,0.0,0.0
3561,2019-06-11,2,22.0,32,6,67.93333333333334,45.46666666666667,1020.15,997.6666666666666,9.933333333333334,5.266666666666667,10.966666666666669,16.5,81.46666666666667,55.43333333333334,0.0,0.0,0.0,0.0,0.0,0.0,0.0,0.0
3234,2018-05-27,7,22.0,26,5,82.23333333333333,63.8,1009.15,987.2666666666668,10.0,3.2999999999999994,9.566666666666668,,95.73333333333332,69.46666666666667,0.0,0.0,0.0,0.0,0.0,0.0,0.0,0.0
5211,2019-08-25,7,22.0,33,8,68.3,53.46666666666667,1019.6,997.1,10.0,6.6000000000000005,13.0,19.3,78.26666666666667,59.63333333333333,0.0,0.0,0.0,0.0,0.0,0.0,0.0,0.0
7294,2016-11-26,6,22.0,17,11,38.46666666666667,32.733333333333334,1026.65,1003.1333333333332,9.933333333333334,6.033333333333334,11.0,15.45,46.66666666666666,31.33333333333333,0.0,0.0,0.0,0.0,0.0,0.0,0.0,0.0
1209,2016-02-24,3,22.0,17,2,35.266666666666666,27.1,1010.1,984.3,6.966666666666666,17.3,27.100000000000005,37.3,40.766666666666666,29.933333333333334,0.0066666666666666,2.0,1.0,0.0,1.0,0.0,0.0,0.0
1076,2015-02-18,3,22.0,21,2,8.733333333333334,-2.333333333333333,1015.2,990.7,9.633333333333333,12.0,18.066666666666663,24.666666666666668,20.933333333333334,3.3666666666666667,0.0,4.1,0.0,0.0,1.0,0.0,0.0,0.0
63,2017-01-03,2,22.0,20,1,39.16666666666666,37.7,1010.4,986.7666666666668,2.733333333333333,5.433333333333334,15.666666666666666,21.96666666666667,41.1,32.733333333333334,0.0866666666666666,0.0,1.0,1.0,0.0,0.0,0.0,0.0
834,2015-02-07,6,22.0,22,2,30.600000000000005,25.4,1012.4,988.8,9.266666666666666,6.866666666666667,12.7,21.0,41.36666666666667,12.666666666666666,0.0,10.4,0.0,0.0,0.0,0.0,0.0,0.0
283,2017-01-13,5,22.0,25,1,22.03333333333333,13.333333333333334,1038.0500000000002,1013.5666666666666,9.966666666666669,7.166666666666667,11.666666666666666,21.0,28.133333333333336,17.633333333333333,0.1133333333333333,0.0,0.0,0.0,0.0,0.0,0.0,0.0
7639,2015-12-13,7,22.0,11,12,58.36666666666667,55.43333333333334,1010.1,988.4666666666668,6.900000000000001,8.5,15.666666666666666,23.7,62.53333333333333,51.1,0.1433333333333333,0.0,0.0,1.0,0.0,0.0,0.0,0.0
483,2016-01-22,5,22.0,19,1,25.066666666666663,18.1,1026.0,1001.4,8.133333333333333,6.5,14.633333333333333,20.0,31.1,17.666666666666668,0.0,1.2,0.0,0.0,1.0,0.0,0.0,0.0
5091,2016-08-18,4,22.0,17,8,76.8,68.8,1016.0,994.0666666666666,8.966666666666667,4.833333333333333,11.3,18.05,85.46666666666665,70.3,0.4866666666666666,0.0,0.0,1.0,0.0,0.0,1.0,0.0
4070,2015-07-04,6,22.0,20,7,69.73333333333333,54.86666666666667,1014.25,991.8333333333334,9.2,2.766666666666667,7.666666666666667,,81.73333333333333,56.833333333333336,0.0,0.0,0.0,0.0,0.0,0.0,0.0,0.0
4513,2018-07-24,2,22.0,18,7,74.36666666666666,64.53333333333333,1014.2,991.9666666666668,9.8,3.5666666666666664,9.0,,84.63333333333334,65.16666666666667,0.0,0.0,0.0,0.0,0.0,0.0,0.0,0.0
5653,2019-09-14,6,22.0,22,9,66.8,56.2,1020.95,998.4,10.0,5.733333333333333,13.333333333333334,19.666666666666668,80.73333333333333,55.2,0.0033333333333333,0.0,0.0,0.0,0.0,0.0,0.0,0.0
1143,2016-02-21,7,22.0,18,2,40.66666666666666,31.9,1018.25,994.6666666666666,9.966666666666669,8.066666666666666,13.0,18.1,53.96666666666667,35.13333333333333,0.0,0.0,0.0,0.0,0.0,0.0,0.0,0.0
7656,2017-12-14,4,22.0,16,12,25.266666666666666,15.6,1014.2,989.3333333333334,9.833333333333334,10.133333333333333,22.4,31.633333333333336,34.766666666666666,18.1,0.0,1.2,0.0,0.0,1.0,0.0,0.0,0.0
6913,2015-11-10,2,22.0,18,11,46.3,33.766666666666666,1019.7,996.3333333333334,9.666666666666666,2.5666666666666664,6.666666666666667,,56.76666666666667,29.96666666666667,0.0,0.0,0.0,0.0,0.0,0.0,0.0,0.0
1647,2019-03-16,6,22.0,24,3,34.86666666666667,21.866666666666664,1024.95,334.3,10.0,9.533333333333331,15.6,23.73333333333333,42.03333333333333,28.2,0.0,0.0,0.0,0.0,0.0,0.0,0.0,0.0
7778,2016-12-18,7,22.0,14,12,13.066666666666668,6.3,1029.2,998.6333333333332,6.8,11.333333333333334,19.666666666666668,25.96666666666667,21.8,-0.0333333333333333,0.09,4.9,0.0,0.0,1.0,0.0,0.0,0.0
5862,2016-09-22,4,22.0,23,9,72.73333333333333,63.43333333333334,1017.45,995.0333333333332,9.9,3.5666666666666664,8.299999999999999,,83.0,64.43333333333334,0.2633333333333333,0.0,0.0,0.0,0.0,0.0,0.0,0.0
7836,2019-12-22,7,22.0,22,12,38.93333333333334,30.0,1024.5500000000002,334.3,10.0,6.1000000000000005,11.0,19.05,52.46666666666667,30.866666666666664,0.0,0.0,0.0,0.0,0.0,0.0,0.0,0.0
4819,2015-08-07,5,22.0,27,8,73.8,58.1,1012.3,990.1666666666666,10.0,6.4,11.333333333333334,16.966666666666665,83.46666666666667,63.333333333333336,0.0,0.0,0.0,0.0,0.0,0.0,0.0,0.0
5047,2016-08-16,2,22.0,23,8,75.63333333333334,68.16666666666667,1015.6,992.4333333333334,8.833333333333334,6.233333333333333,11.0,18.1,84.66666666666667,69.43333333333334,0.1633333333333333,0.0,0.0,1.0,0.0,0.0,0.0,0.0
1427,2019-03-06,3,22.0,17,3,17.3,3.8333333333333335,1026.65,1.7333333333333332,10.0,10.133333333333333,18.066666666666663,26.0,31.33333333333333,8.466666666666667,0.0,0.0,0.0,0.0,0.0,0.0,0.0,0.0
6517,2015-10-23,5,22.0,22,10,55.53333333333333,43.36666666666667,1022.15,999.1666666666666,9.966666666666669,8.633333333333333,14.966666666666669,19.05,62.9,50.93333333333334,0.0,0.0,0.0,1.0,0.0,0.0,0.0,0.0
1077,2016-02-18,4,22.0,28,2,30.433333333333334,21.666666666666668,1027.55,1003.4,9.933333333333334,8.6,19.7,26.96666666666667,41.8,22.166666666666668,0.0,1.2,0.0,0.0,0.0,0.0,0.0,0.0
2401,2016-04-18,1,22.0,22,4,65.93333333333334,39.833333333333336,1025.4499999999998,1002.5666666666666,10.0,3.3666666666666667,10.066666666666666,,82.56666666666668,47.86666666666667,0.0,0.0,0.0,0.0,0.0,0.0,0.0,0.0
3761,2017-06-20,2,22.0,47,6,66.66666666666667,53.3,1013.15,990.6333333333332,9.966666666666669,8.133333333333333,16.0,24.7,81.03333333333333,57.8,0.13,0.0,0.0,1.0,0.0,0.0,1.0,0.0
7727,2015-12-17,4,22.0,19,12,34.2,24.03333333333333,1010.2,986.2,10.0,14.366666666666667,20.666666666666668,27.633333333333336,53.46666666666667,30.166666666666668,0.0699999999999999,0.0,0.0,0.0,0.0,0.0,0.0,0.0
1828,2016-03-23,3,22.0,16,3,44.56666666666666,36.4,1009.35,986.2,8.4,10.233333333333333,14.4,20.4,60.56666666666666,38.833333333333336,0.01,0.0,0.0,1.0,0.0,0.0,0.0,0.0
2417,2019-04-20,6,22.0,22,4,48.8,23.5,1010.15,986.7333333333332,10.0,15.1,21.933333333333334,31.33333333333333,63.0,39.16666666666666,0.0,0.0,0.0,0.0,0.0,0.0,0.0,0.0
2398,2018-04-19,4,22.0,26,4,39.5,30.23333333333333,1023.6,997.9,7.366666666666667,9.0,13.633333333333333,20.0,52.6,31.766666666666666,0.1933333333333333,0.0,0.0,1.0,1.0,0.0,0.0,0.0
2640,2018-04-30,1,22.0,30,4,55.66666666666666,22.433333333333334,1021.9,999.0666666666666,10.0,8.233333333333333,15.6,22.366666666666664,79.2,35.833333333333336,0.0,0.0,0.0,0.0,0.0,0.0,0.0,0.0
2639,2015-04-30,4,22.0,25,4,45.93333333333334,34.300000000000004,1014.5,991.2,10.0,10.266666666666666,17.666666666666668,22.73333333333333,61.7,38.16666666666666,0.0,0.0,0.0,0.0,0.0,0.0,0.0,0.0
615,2016-01-28,4,22.0,18,1,34.6,26.46666666666667,1007.25,983.8333333333334,9.966666666666669,13.5,18.7,27.0,40.1,28.933333333333334,0.0,0.0,0.0,1.0,0.0,0.0,0.0,0.0
6715,2015-11-01,7,22.0,33,11,53.4,43.5,1010.9,987.6333333333332,9.766666666666667,10.066666666666668,16.0,21.7,64.10000000000001,44.73333333333333,0.2733333333333333,0.0,0.0,0.0,0.0,0.0,0.0,0.0
1031,2019-02-16,6,22.0,30,2,21.066666666666663,12.566666666666668,1019.8,995.3,10.0,5.5,12.033333333333331,17.0,30.73333333333333,14.866666666666667,0.0,0.0,0.0,0.0,0.0,0.0,0.0,0.0
4158,2015-07-08,3,22.0,25,7,60.76666666666667,50.46666666666667,1018.55,995.6,10.0,6.1000000000000005,11.4,15.9,72.8,56.36666666666667,0.0333333333333333,0.0,0.0,1.0,0.0,0.0,0.0,0.0
4491,2018-07-23,1,22.0,27,7,72.3,64.86666666666666,1012.7,990.3,9.966666666666669,7.899999999999999,13.0,17.033333333333335,80.39999999999999,66.83333333333333,0.2466666666666666,0.0,0.0,0.0,0.0,0.0,0.0,0.0
5255,2019-08-27,2,22.0,19,8,72.3,63.86666666666667,1007.95,985.7666666666668,10.0,8.4,14.633333333333333,22.7,80.56666666666666,65.26666666666667,0.7266666666666667,0.0,0.0,1.0,0.0,0.0,0.0,0.0
2945,2019-05-14,2,22.0,25,5,53.7,37.96666666666667,1016.3,993.2333333333332,9.8,2.7,10.7,,69.56666666666666,40.1,0.0,0.0,0.0,0.0,0.0,0.0,0.0,0.0
2332,2018-04-16,1,22.0,25,4,31.03333333333333,26.3,1010.15,986.2,7.133333333333333,11.9,16.033333333333335,23.933333333333334,35.56666666666667,27.5,0.3533333333333333,0.0,0.0,1.0,1.0,0.0,0.0,0.0
7355,2018-11-30,5,22.0,25,11,34.833333333333336,29.4,1015.3,991.2,6.233333333333333,2.5666666666666664,7.333333333333333,,41.56666666666667,29.3,0.0,2.55,0.0,1.0,0.0,0.0,0.0,0.0
1911,2019-03-28,4,22.0,26,3,52.8,39.66666666666666,1017.0,994.0666666666666,9.866666666666667,11.066666666666668,15.6,25.0,63.833333333333336,45.53333333333333,0.0733333333333333,0.0,0.0,1.0,0.0,0.0,0.0,0.0
7548,2019-12-09,1,22.0,26,12,46.66666666666666,44.3,1003.0,979.8666666666668,6.433333333333334,8.333333333333334,21.633333333333336,31.366666666666664,48.0,37.46666666666667,0.0333333333333333,0.0,0.0,1.0,0.0,0.0,0.0,0.0
7880,2019-12-24,2,22.0,16,12,39.0,33.86666666666667,1018.0,994.8333333333334,6.166666666666667,4.433333333333334,12.033333333333331,18.666666666666668,54.6,26.866666666666664,0.0,0.0,1.0,0.0,0.0,0.0,0.0,0.0
1405,2019-03-05,2,22.0,17,3,12.766666666666666,0.7666666666666666,1021.3,996.4,9.133333333333333,13.366666666666667,19.366666666666667,27.96666666666667,22.1,4.766666666666667,0.0,0.0,0.0,0.0,1.0,0.0,0.0,0.0
2901,2019-05-12,7,22.0,19,5,46.46666666666667,38.66666666666666,1012.45,989.0333333333332,10.0,9.2,13.333333333333334,18.33333333333333,52.43333333333334,43.06666666666666,0.0733333333333333,0.0,0.0,1.0,0.0,0.0,0.0,0.0
5726,2018-09-17,1,22.0,25,9,78.5,64.36666666666667,1013.2,990.8333333333334,10.0,3.466666666666667,7.666666666666667,,90.33333333333331,67.36666666666666,0.0,0.0,0.0,0.0,0.0,0.0,0.0,0.0
2000,2015-04-01,3,22.0,47,4,52.9,34.76666666666667,1015.2,992.2333333333332,10.0,7.333333333333333,17.666666666666668,25.96666666666667,72.5,37.6,0.0,0.0,0.0,0.0,0.0,0.0,0.0,0.0
5415,2015-09-03,4,22.0,26,9,81.23333333333333,67.8,1012.9,991.0,10.0,6.5,14.0,19.03333333333333,91.8,70.33333333333333,0.0,0.0,0.0,0.0,0.0,0.0,0.0,0.0
239,2017-01-11,3,22.0,16,1,33.0,28.1,1011.55,987.0,8.066666666666666,12.566666666666668,27.33333333333333,40.333333333333336,47.8,25.9,0.1666666666666666,0.0,1.0,1.0,0.0,0.0,1.0,0.0
3959,2017-06-29,4,22.0,22,6,75.63333333333334,63.3,1008.1,986.2333333333332,9.833333333333334,11.866666666666667,19.33333333333333,26.666666666666668,82.56666666666666,65.89999999999999,0.77,0.0,0.0,1.0,0.0,0.0,1.0,0.0
3831,2018-06-23,6,22.0,28,6,67.33333333333333,58.86666666666667,1006.65,984.1,8.466666666666667,4.766666666666667,11.633333333333333,,78.93333333333334,60.56666666666666,0.4399999999999999,0.0,0.0,1.0,0.0,0.0,0.0,0.0
5818,2016-09-20,2,22.0,33,9,74.76666666666667,56.9,1018.9,996.6,10.0,6.833333333333333,12.366666666666667,17.3,85.16666666666667,63.5,0.0,0.0,0.0,0.0,0.0,0.0,0.0,0.0
5482,2015-09-06,7,22.0,33,9,79.96666666666667,66.43333333333334,1017.0,994.9666666666668,9.966666666666669,6.5,13.0,18.7,92.16666666666669,69.5,0.0066666666666666,0.0,0.0,0.0,0.0,0.0,0.0,0.0
3517,2019-06-09,7,22.0,31,6,69.10000000000001,60.26666666666667,1013.55,991.0333333333332,8.966666666666667,5.9,9.566666666666668,18.1,75.13333333333334,62.3,0.0233333333333333,0.0,0.0,1.0,0.0,0.0,0.0,0.0
5039,2015-08-17,1,22.0,30,8,78.39999999999999,67.33333333333333,1015.9,993.8666666666668,9.533333333333331,6.033333333333334,15.333333333333334,27.0,89.46666666666665,68.8,0.0,0.0,0.0,1.0,0.0,0.0,0.0,0.0
2552,2018-04-26,4,22.0,30,4,47.46666666666667,30.33333333333333,1014.65,991.3333333333334,10.0,2.733333333333333,9.633333333333333,15.0,65.46666666666667,33.766666666666666,0.0,0.0,0.0,0.0,0.0,0.0,0.0,0.0
3107,2016-05-20,5,22.0,27,5,58.36666666666667,38.3,1021.0,997.9,10.0,5.2,11.4,15.0,68.66666666666667,45.56666666666666,0.0,0.0,0.0,0.0,0.0,0.0,0.0,0.0
4275,2016-07-12,2,22.0,30,7,81.43333333333334,69.10000000000001,1010.0,988.2333333333332,9.933333333333334,11.566666666666668,16.3,22.666666666666668,90.0,72.06666666666666,0.0,0.0,0.0,0.0,0.0,0.0,0.0,0.0
7377,2018-12-01,6,22.0,21,12,37.46666666666667,34.56666666666667,1010.65,985.5,4.266666666666667,10.7,19.03333333333333,26.366666666666664,42.76666666666667,31.4,0.1533333333333333,1.2,0.0,1.0,0.0,0.0,0.0,0.0
878,2017-02-09,4,22.0,31,2,19.866666666666664,5.8,1023.95,999.4333333333334,10.0,10.866666666666667,15.033333333333331,22.03333333333333,29.1,13.5,0.0,0.0,0.0,0.0,0.0,0.0,0.0,0.0
2681,2019-05-02,4,22.0,18,5,45.6,44.0,1019.05,995.6666666666666,5.033333333333333,6.0,11.0,14.5,53.73333333333333,42.266666666666666,0.0266666666666666,0.0,0.0,1.0,0.0,0.0,0.0,0.0
240,2018-01-11,4,22.0,20,1,55.8,53.333333333333336,1006.4,983.6666666666666,8.5,16.599999999999998,23.96666666666667,35.36666666666667,59.3,42.03333333333333,0.1533333333333333,0.0,0.0,1.0,0.0,0.0,0.0,0.0
4463,2019-07-22,1,22.0,35,7,70.60000000000001,57.20000000000001,1016.0,993.5666666666666,10.0,10.6,17.666666666666668,25.96666666666667,75.73333333333333,66.8,0.01,0.0,0.0,0.0,0.0,0.0,0.0,0.0
6061,2016-10-01,6,22.0,29,10,60.96666666666667,58.1,1016.4,993.1666666666666,8.433333333333332,5.666666666666667,10.366666666666667,14.0,64.8,57.3,0.0966666666666666,0.0,0.0,1.0,0.0,0.0,1.0,0.0
107,2017-01-05,4,22.0,14,1,10.5,-0.0333333333333333,1019.05,994.2333333333332,9.833333333333334,10.733333333333334,16.7,20.666666666666668,16.933333333333334,7.3,0.0,0.0,0.0,0.0,1.0,0.0,0.0,0.0
4205,2018-07-10,2,22.0,35,7,80.93333333333334,65.86666666666666,1018.1,996.0,10.0,7.8,14.633333333333333,20.0,88.16666666666667,72.03333333333333,0.0,0.0,0.0,0.0,0.0,0.0,0.0,0.0
2615,2019-04-29,1,22.0,18,4,45.66666666666666,39.23333333333333,1018.6,994.8,7.933333333333333,8.299999999999999,19.03333333333333,27.96666666666667,52.9,38.36666666666667,0.4066666666666667,0.0,0.0,1.0,0.0,0.0,1.0,0.0
4761,2016-08-03,3,22.0,27,8,79.7,65.63333333333333,1016.65,994.5,10.0,3.033333333333333,9.4,15.0,89.56666666666666,69.13333333333334,0.0,0.0,0.0,0.0,0.0,0.0,0.0,0.0
1033,2016-02-16,2,22.0,26,2,28.5,22.83333333333333,1010.8,987.0,6.966666666666666,3.233333333333333,7.966666666666666,,34.7,23.566666666666663,0.005,1.2,0.0,0.0,1.0,0.0,0.0,0.0
1120,2015-02-20,5,22.0,22,2,4.2,-6.033333333333334,1026.8,1001.6333333333332,9.233333333333334,8.766666666666667,18.73333333333333,24.366666666666664,18.33333333333333,-7.266666666666666,0.0,4.1,0.0,0.0,1.0,0.0,0.0,0.0
6270,2017-10-12,4,22.0,23,10,57.333333333333336,53.53333333333333,1020.95,998.0666666666666,9.4,5.966666666666666,11.0,,60.26666666666667,55.73333333333333,0.12,0.0,0.0,1.0,0.0,0.0,0.0,0.0
6656,2016-10-28,5,22.0,24,10,49.43333333333334,44.2,1022.2,998.8666666666668,9.466666666666669,6.766666666666667,13.333333333333334,18.55,63.56666666666667,39.2,0.0,0.0,0.0,0.0,0.0,0.0,0.0,0.0
5614,2015-09-12,6,22.0,17,9,57.833333333333336,46.833333333333336,1016.95,993.9,9.533333333333331,9.0,15.6,21.7,67.7,52.3,0.3699999999999999,0.0,0.0,1.0,0.0,0.0,0.0,0.0
7179,2018-11-22,4,22.0,22,11,33.233333333333334,24.0,1028.95,1004.8333333333334,9.866666666666667,7.899999999999999,12.033333333333331,17.76666666666667,38.9,29.6,0.0,0.0,0.0,0.0,0.0,0.0,0.0,0.0
613,2019-01-28,1,22.0,17,1,19.633333333333333,14.466666666666669,1008.75,982.8666666666668,4.7,10.8,18.966666666666665,26.933333333333334,34.9,3.266666666666666,0.1733333333333333,8.45,1.0,1.0,1.0,0.0,0.0,0.0
2220,2017-04-11,2,22.0,20,4,47.46666666666667,41.6,1019.8,995.7,7.166666666666667,8.033333333333333,16.0,21.933333333333334,57.96666666666667,41.5,0.42,0.0,1.0,1.0,0.0,0.0,1.0,0.0
5101,2019-08-20,2,22.0,28,8,74.8,71.06666666666666,1014.55,992.3666666666668,9.166666666666666,3.4,17.366666666666667,24.33333333333333,82.39999999999999,68.8,0.0033333333333333,0.0,0.0,1.0,0.0,0.0,1.0,0.0
6094,2019-10-04,5,22.0,18,10,53.13333333333333,45.46666666666667,1026.55,3.4333333333333336,10.0,7.766666666666666,13.666666666666666,17.5,58.46666666666667,46.56666666666666,0.25,0.0,0.0,0.0,0.0,0.0,0.0,0.0
2114,2016-04-05,2,22.0,17,4,34.56666666666667,18.2,1029.7,1005.4666666666668,10.0,7.466666666666666,14.933333333333332,21.96666666666667,46.16666666666666,26.366666666666664,0.0,0.0,0.0,1.0,0.0,0.0,0.0,0.0
5214,2017-08-25,5,22.0,21,8,63.06666666666667,49.53333333333333,1022.75,999.9,10.0,4.566666666666666,9.233333333333334,15.0,73.56666666666666,50.86666666666667,0.0,0.0,0.0,0.0,0.0,0.0,0.0,0.0
3190,2018-05-25,5,22.0,25,5,76.96666666666665,56.46666666666667,1012.85,990.7666666666668,10.0,5.866666666666667,9.566666666666668,17.1,89.26666666666667,61.93333333333334,0.0,0.0,0.0,0.0,0.0,0.0,0.0,0.0
5566,2017-09-10,7,22.0,13,9,60.7,46.63333333333333,1029.4,1006.2666666666668,10.0,5.566666666666666,10.366666666666667,14.0,70.66666666666667,49.6,0.0,0.0,0.0,0.0,0.0,0.0,0.0,0.0
7681,2019-12-15,7,22.0,12,12,24.4,15.733333333333334,1017.0,993.3666666666668,9.866666666666667,6.3,13.666666666666666,21.366666666666664,31.4,19.133333333333333,0.0,0.0,0.0,0.0,0.0,0.0,0.0,0.0
6490,2017-10-22,7,22.0,18,10,65.63333333333333,56.93333333333334,1014.35,992.1333333333332,8.833333333333334,12.966666666666669,20.966666666666665,29.0,72.2,52.0,0.0366666666666666,0.0,0.0,1.0,0.0,0.0,0.0,0.0
7756,2016-12-17,6,22.0,16,12,22.2,18.5,1007.65,983.5333333333332,4.966666666666666,5.5,12.7,15.0,24.96666666666667,14.966666666666669,0.08,4.1,0.0,0.0,1.0,0.0,0.0,0.0
5835,2015-09-22,2,22.0,28,9,64.93333333333332,51.16666666666666,1020.85,998.1,9.6,3.033333333333333,7.3,,79.8,52.5,0.0,0.0,0.0,0.0,0.0,0.0,0.0,0.0
2044,2015-04-03,5,22.0,26,4,49.76666666666667,32.333333333333336,1012.35,989.2666666666668,9.933333333333334,7.566666666666666,16.400000000000002,21.0,66.0,37.3,0.1999999999999999,0.0,0.0,0.0,0.0,0.0,0.0,0.0
5003,2016-08-14,7,22.0,37,8,76.43333333333334,64.76666666666667,1014.55,992.3666666666668,9.966666666666669,4.266666666666667,10.366666666666667,,84.56666666666666,65.89999999999999,0.0133333333333333,0.0,0.0,0.0,0.0,0.0,0.0,0.0
4863,2015-08-09,7,22.0,18,8,72.3,65.7,1013.85,991.6,7.066666666666666,3.766666666666667,9.333333333333334,,83.63333333333334,66.8,0.0,0.0,0.0,1.0,0.0,0.0,0.0,0.0
7634,2017-12-13,3,22.0,23,12,26.7,15.5,1006.7,981.4333333333334,9.733333333333333,10.4,21.7,32.63333333333333,38.16666666666666,17.766666666666666,0.0,1.2,0.0,1.0,1.0,0.0,0.0,0.0
4400,2017-07-19,3,22.0,18,7,79.26666666666667,66.53333333333333,1017.15,995.0666666666666,10.0,5.333333333333333,10.366666666666667,,88.36666666666667,66.5,0.0,0.0,0.0,0.0,0.0,0.0,0.0,0.0
6893,2018-11-09,5,22.0,18,11,34.300000000000004,27.266666666666666,1022.45,997.9333333333334,6.933333333333334,6.4,15.3,24.666666666666668,39.8,28.899999999999995,0.06,0.0,0.0,1.0,1.0,0.0,0.0,0.0
4114,2015-07-06,1,22.0,25,7,75.36666666666667,64.39999999999999,1013.95,992.0333333333332,8.4,7.266666666666667,17.933333333333334,23.3,86.16666666666667,61.333333333333336,0.0333333333333333,0.0,0.0,1.0,0.0,0.0,1.0,0.0
900,2018-02-10,6,22.0,21,2,21.066666666666663,15.966666666666669,1023.5,998.9333333333334,8.066666666666666,8.6,11.966666666666669,16.5,27.33333333333333,16.366666666666667,0.16,9.45,0.0,0.0,1.0,0.0,0.0,0.0
8016,2018-12-30,7,22.0,26,12,26.366666666666664,19.8,1020.2,996.5,9.5,10.4,16.0,25.666666666666668,36.333333333333336,19.3,0.015,0.0,0.0,0.0,1.0,0.0,0.0,0.0
1850,2016-03-24,4,22.0,31,3,39.76666666666667,38.4,1003.65,980.1666666666666,3.8666666666666663,8.866666666666667,17.666666666666668,26.066666666666663,46.6,34.06666666666667,0.1566666666666666,0.0,0.0,1.0,1.0,0.0,0.0,0.0
3872,2015-06-25,4,22.0,30,6,71.73333333333333,64.0,1014.95,992.4333333333334,9.133333333333333,5.633333333333333,10.366666666666667,18.1,80.89999999999999,61.46666666666667,0.36,0.0,0.0,1.0,0.0,0.0,1.0,0.0
549,2016-01-25,1,22.0,26,1,32.300000000000004,25.566666666666663,1012.0,987.8333333333334,8.9,6.933333333333334,14.3,21.0,41.06666666666666,26.53333333333333,0.0,0.0,0.0,1.0,0.0,0.0,0.0,0.0
151,2017-01-07,6,22.0,23,1,7.3,-3.733333333333333,1033.3,1007.9,10.0,6.966666666666666,13.666666666666666,21.666666666666668,18.8,0.7999999999999999,0.0,0.0,0.0,0.0,0.0,0.0,0.0,0.0
7730,2018-12-17,1,22.0,20,12,35.43333333333334,25.33333333333333,1021.4,997.6666666666666,10.0,6.5,11.966666666666669,14.0,46.7,28.133333333333336,0.0,0.0,0.0,0.0,0.0,0.0,0.0,0.0
4221,2019-07-11,4,22.0,24,7,77.89999999999999,62.63333333333333,1011.75,989.7666666666668,10.0,6.266666666666667,11.7,17.666666666666668,92.23333333333336,69.26666666666667,0.0,0.0,0.0,0.0,0.0,0.0,0.0,0.0
3344,2018-06-01,5,22.0,37,6,69.5,60.76666666666667,1009.75,988.1333333333332,9.933333333333334,7.766666666666667,16.633333333333333,22.6,85.66666666666667,58.53333333333333,0.0,0.0,0.0,0.0,0.0,0.0,0.0,0.0
5370,2015-09-01,2,22.0,38,9,78.06666666666666,69.7,1016.05,994.0666666666666,8.933333333333332,5.333333333333333,13.266666666666666,19.03333333333333,87.86666666666667,61.26666666666667,0.0,0.0,0.0,0.0,0.0,0.0,0.0,0.0
2066,2015-04-04,6,22.0,22,4,40.66666666666666,23.46666666666667,1023.05,999.4,10.0,10.033333333333331,19.33333333333333,29.4,59.3,27.766666666666666,0.0,0.0,0.0,0.0,0.0,0.0,0.0,0.0
547,2015-01-25,7,22.0,17,1,32.56666666666667,29.566666666666663,1007.9,983.8666666666668,5.8,9.566666666666668,19.33333333333333,26.366666666666664,41.1,27.03333333333333,0.0066666666666666,1.2,0.0,1.0,1.0,0.0,0.0,0.0
7133,2015-11-20,5,22.0,28,11,36.7,16.933333333333334,1023.05,999.4,10.0,9.466666666666669,14.633333333333333,20.0,48.5,29.766666666666666,0.0,0.0,0.0,0.0,0.0,0.0,0.0,0.0
4224,2015-07-11,6,22.0,29,7,70.73333333333333,57.23333333333333,1019.35,997.0,9.866666666666667,3.4333333333333336,8.933333333333334,,81.16666666666667,59.5,0.0,0.0,0.0,1.0,0.0,0.0,0.0,0.0
5658,2015-09-14,1,22.0,21,9,64.63333333333334,48.66666666666666,1016.5,994.0333333333332,10.0,8.633333333333333,17.033333333333335,25.633333333333336,81.3,48.13333333333333,0.0,0.0,0.0,0.0,0.0,0.0,0.0,0.0
3146,2015-05-23,6,22.0,26,5,62.8,36.86666666666667,1025.35,1002.3666666666668,10.0,5.666666666666667,12.033333333333331,17.666666666666668,80.96666666666667,46.5,0.0,0.0,0.0,0.0,0.0,0.0,0.0,0.0
7008,2016-11-13,7,22.0,15,11,43.6,31.066666666666663,1022.65,999.3,10.0,7.766666666666667,14.3,20.666666666666668,55.86666666666667,32.7,0.0,0.0,0.0,0.0,0.0,0.0,0.0,0.0
4089,2019-07-05,5,22.0,33,7,81.43333333333334,70.86666666666666,1014.1,992.1666666666666,9.533333333333331,5.6000000000000005,10.066666666666666,24.95,91.5,72.5,0.0,0.0,0.0,0.0,0.0,0.0,0.0,0.0
1054,2017-02-17,5,22.0,26,2,44.43333333333334,30.166666666666668,1005.7,982.6333333333332,10.0,7.0,15.266666666666666,21.7,66.43333333333334,29.73333333333333,0.0,0.0,0.0,0.0,0.0,0.0,0.0,0.0
3080,2018-05-20,7,22.0,25,5,51.36666666666667,47.8,1019.65,996.3,8.233333333333333,9.0,16.7,19.05,63.93333333333334,44.43333333333334,0.01,0.0,0.0,1.0,0.0,0.0,0.0,0.0
283,2015-01-13,2,22.0,17,1,17.7,9.7,1039.6,1014.5333333333332,8.633333333333333,8.133333333333333,14.333333333333334,19.03333333333333,29.03333333333333,12.933333333333332,0.015,4.5,0.0,0.0,1.0,0.0,0.0,0.0
1076,2018-02-18,7,22.0,26,2,27.46666666666667,23.6,1022.05,998.1666666666666,8.033333333333333,8.033333333333333,15.266666666666666,20.33333333333333,37.8,13.433333333333332,0.1,1.2,1.0,0.0,1.0,0.0,0.0,0.0
3913,2019-06-27,4,22.0,22,6,76.73333333333333,66.83333333333333,1019.05,996.7999999999998,9.766666666666667,5.566666666666666,14.7,26.366666666666664,88.66666666666667,67.33333333333333,0.65,0.0,0.0,1.0,0.0,0.0,1.0,0.0
4069,2017-07-04,2,22.0,12,7,73.26666666666667,62.333333333333336,1017.55,995.0666666666666,10.0,6.3,12.033333333333331,18.1,83.23333333333333,65.76666666666667,0.0166666666666666,0.0,0.0,0.0,0.0,0.0,0.0,0.0
7327,2019-11-29,5,22.0,15,11,36.53333333333334,33.73333333333333,1028.65,5.0,8.4,3.8,7.966666666666666,,39.66666666666666,33.76666666666667,0.005,0.0,0.0,1.0,0.0,0.0,0.0,0.0
636,2018-01-29,1,22.0,16,1,28.2,21.133333333333336,1029.85,1005.3,9.566666666666666,11.5,17.1,23.4,33.46666666666667,23.133333333333336,0.005,0.0,0.0,0.0,1.0,0.0,0.0,0.0
5286,2018-08-28,2,22.0,30,8,82.03333333333333,71.3,1010.9,989.6333333333332,9.766666666666666,11.966666666666669,17.666666666666668,25.633333333333336,92.1,72.46666666666665,0.0766666666666666,0.0,0.0,1.0,0.0,0.0,1.0,0.0
5061,2015-08-18,2,22.0,29,8,74.03333333333333,67.06666666666666,1010.75,989.1,9.0,6.566666666666666,16.066666666666666,24.03333333333333,88.06666666666666,67.76666666666667,0.57,0.0,0.0,1.0,0.0,0.0,1.0,0.0
548,2017-01-25,3,22.0,22,1,38.1,34.766666666666666,1004.2,979.4,5.833333333333333,9.5,17.433333333333334,23.933333333333334,43.833333333333336,35.4,0.0366666666666666,0.0,0.0,1.0,0.0,0.0,0.0,0.0
4664,2017-07-31,1,22.0,24,7,74.83333333333333,58.5,1021.15,998.9666666666668,10.0,2.6333333333333333,8.700000000000001,,85.23333333333333,63.333333333333336,0.0,0.0,0.0,0.0,0.0,0.0,0.0,0.0
3188,2017-05-25,4,22.0,29,5,57.36666666666667,51.63333333333333,1002.0,979.1333333333332,9.566666666666668,9.566666666666666,13.966666666666669,20.5,68.13333333333333,51.56666666666666,0.07,0.0,0.0,1.0,0.0,0.0,0.0,0.0
1714,2017-03-19,7,22.0,25,3,40.66666666666666,30.9,1026.9,1003.2,9.966666666666669,4.6000000000000005,11.0,20.0,52.3,28.8,0.0,0.0,0.0,0.0,0.0,0.0,0.0,0.0
1715,2018-03-19,1,22.0,25,3,40.333333333333336,26.4,1013.4,989.8,9.933333333333334,9.0,21.366666666666664,28.366666666666664,52.46666666666667,30.666666666666668,0.0,0.0,0.0,0.0,0.0,0.0,0.0,0.0
2836,2017-05-09,2,22.0,22,5,47.76666666666667,36.76666666666667,1015.15,991.9333333333334,9.7,5.566666666666666,8.933333333333334,15.0,59.96666666666667,39.03333333333333,0.2266666666666666,0.0,0.0,1.0,0.0,0.0,0.0,0.0
3261,2016-05-27,5,22.0,33,5,74.33333333333333,64.3,1010.8,988.9,9.7,8.466666666666667,16.400000000000002,28.366666666666664,83.23333333333333,65.03333333333333,0.0333333333333333,0.0,0.0,1.0,0.0,0.0,0.0,0.0
3239,2016-05-26,4,22.0,23,5,71.89999999999999,63.73333333333333,1011.8,989.8,9.233333333333334,7.933333333333333,12.666666666666666,17.366666666666667,84.56666666666666,63.5,0.985,0.0,0.0,1.0,0.0,0.0,1.0,0.0
3789,2016-06-20,1,22.0,23,6,83.06666666666666,65.93333333333334,1016.95,995.1333333333332,10.0,11.066666666666668,18.7,26.666666666666668,91.66666666666669,76.66666666666667,0.0,0.0,0.0,1.0,0.0,0.0,0.0,0.0
4639,2019-07-30,2,22.0,22,7,72.26666666666667,63.76666666666667,1014.2,991.8666666666668,9.7,5.2,10.7,15.7,79.16666666666667,65.23333333333333,0.3033333333333333,0.0,0.0,0.0,0.0,0.0,0.0,0.0
5704,2018-09-16,7,22.0,27,9,74.96666666666667,65.23333333333333,1018.45,996.2666666666668,9.166666666666666,5.8,11.633333333333333,14.0,87.63333333333333,65.46666666666667,0.0,0.0,0.0,0.0,0.0,0.0,0.0,0.0
63,2019-01-03,4,22.0,33,1,29.9,23.53333333333333,1017.35,993.6333333333332,9.833333333333334,9.333333333333334,14.0,20.4,39.2,24.266666666666666,0.0033333333333333,0.0,0.0,0.0,0.0,0.0,0.0,0.0
1803,2018-03-23,5,22.0,29,3,35.96666666666667,22.0,1028.05,1004.0,10.0,7.033333333333334,13.666666666666666,18.1,44.833333333333336,27.6,0.01,0.0,0.0,0.0,0.0,0.0,0.0,0.0
8014,2015-12-30,3,22.0,22,12,29.766666666666666,23.83333333333333,1022.3,998.4333333333334,8.9,6.766666666666667,11.633333333333333,17.1,39.96666666666667,28.1,0.0,2.95,1.0,0.0,1.0,0.0,0.0,0.0
5198,2018-08-24,5,22.0,17,8,67.26666666666667,56.3,1015.6,993.2,9.933333333333334,8.066666666666668,17.033333333333335,23.4,77.5,60.5,0.0,0.0,0.0,1.0,0.0,0.0,0.0,0.0
3765,2018-06-20,3,22.0,25,6,69.73333333333333,64.36666666666667,1010.9,988.6,9.1,5.4,10.966666666666669,14.0,79.0,65.0,0.03,0.0,0.0,1.0,0.0,0.0,0.0,0.0
2439,2019-04-21,7,22.0,20,4,57.23333333333333,27.2,1013.65,990.8333333333334,10.0,4.966666666666667,13.0,19.633333333333333,77.06666666666666,38.333333333333336,0.0,0.0,0.0,0.0,0.0,0.0,0.0,0.0
7348,2017-11-30,4,22.0,31,11,46.2,30.1,1018.15,994.7666666666668,10.0,8.133333333333335,15.666666666666666,22.96666666666667,54.26666666666667,36.1,0.0,0.0,0.0,0.0,0.0,0.0,0.0,0.0
6166,2018-10-07,7,22.0,16,10,58.5,54.46666666666667,1021.2,998.1,8.333333333333334,8.133333333333333,11.966666666666669,17.5,64.0,56.76666666666667,0.1333333333333333,0.0,0.0,1.0,0.0,0.0,0.0,0.0
5697,2019-09-16,1,22.0,19,9,70.8,67.16666666666667,1018.0,995.5333333333334,8.0,4.033333333333333,9.333333333333334,,76.46666666666665,65.66666666666667,0.0966666666666666,0.0,0.0,0.0,0.0,0.0,0.0,0.0
3915,2017-06-27,2,22.0,25,6,64.13333333333333,44.76666666666667,1018.65,995.9333333333334,10.0,5.833333333333333,14.066666666666668,20.366666666666667,77.0,50.13333333333333,0.0,0.0,0.0,0.0,0.0,0.0,0.0,0.0
4161,2018-07-08,7,22.0,16,7,73.53333333333333,55.26666666666667,1024.05,1001.5666666666666,9.766666666666667,3.6666666666666665,8.933333333333334,14.5,86.43333333333334,60.43333333333334,0.0,0.0,0.0,0.0,0.0,0.0,0.0,0.0
481,2019-01-22,2,22.0,16,1,19.133333333333333,9.5,1025.6999999999998,333.1,8.133333333333333,10.433333333333332,14.633333333333333,24.03333333333333,32.53333333333333,7.5,0.0133333333333333,4.5,0.0,1.0,1.0,0.0,0.0,0.0
4800,2018-08-06,1,22.0,27,8,78.2,69.23333333333333,1016.1,993.9666666666668,9.866666666666667,6.233333333333333,15.333333333333334,22.666666666666668,90.43333333333334,70.89999999999999,0.0733333333333333,0.0,0.0,1.0,0.0,0.0,1.0,0.0
5348,2015-08-31,1,22.0,26,8,72.10000000000001,65.0,1016.7,994.3,6.0,2.1333333333333333,6.666666666666667,,85.86666666666667,61.26666666666667,0.0,0.0,1.0,0.0,0.0,0.0,0.0,0.0
86,2018-01-04,4,22.0,20,1,7.733333333333334,-2.433333333333333,1026.1,1000.8,9.833333333333334,9.933333333333334,14.0,17.5,14.733333333333334,0.7999999999999999,0.0,1.6,0.0,0.0,1.0,0.0,0.0,0.0
7223,2018-11-24,6,22.0,26,11,45.13333333333333,40.86666666666667,1002.2,978.9666666666668,8.700000000000001,10.233333333333334,18.0,25.33333333333333,49.333333333333336,38.5,0.1533333333333333,0.0,0.0,1.0,0.0,0.0,0.0,0.0
5763,2019-09-19,4,22.0,24,9,72.60000000000001,58.8,1017.75,995.4333333333334,10.0,3.6666666666666665,9.0,,84.06666666666668,62.06666666666666,0.0,0.0,0.0,0.0,0.0,0.0,0.0,0.0
878,2015-02-09,1,22.0,17,2,27.83333333333333,24.0,1019.45,994.8,7.666666666666667,12.133333333333333,15.6,21.96666666666667,40.46666666666667,25.6,0.005,5.5,0.0,1.0,1.0,0.0,0.0,0.0
3129,2016-05-21,6,22.0,28,5,62.03333333333333,36.73333333333333,1019.05,996.1666666666666,10.0,7.2,13.333333333333334,18.966666666666665,73.93333333333334,50.0,0.0,0.0,0.0,0.0,0.0,0.0,0.0,0.0
7172,2017-11-22,3,22.0,11,11,28.96666666666667,16.033333333333335,1025.75,1001.5666666666666,10.0,7.2,13.333333333333334,17.0,37.96666666666667,22.566666666666663,0.02,0.0,0.0,0.0,0.0,0.0,0.0,0.0
7111,2015-11-19,4,22.0,25,11,45.3,31.433333333333334,1009.45,986.0,10.0,15.800000000000002,25.7,34.96666666666667,59.56666666666666,39.43333333333333,0.0499999999999999,0.0,0.0,0.0,0.0,0.0,0.0,0.0
5796,2016-09-19,1,22.0,26,9,71.9,55.93333333333334,1015.25,992.9666666666668,9.633333333333333,6.133333333333333,14.0,19.7,88.06666666666666,57.96666666666667,0.0,0.0,0.0,0.0,0.0,0.0,0.0,0.0
3217,2016-05-25,3,22.0,24,5,76.06666666666668,58.7,1013.95,991.7,9.5,8.1,21.3,35.03333333333333,87.63333333333333,62.8,0.08,0.0,0.0,1.0,0.0,0.0,1.0,0.0
503,2019-01-23,3,22.0,18,1,31.33333333333333,30.1,1009.6,985.5,4.3,7.0,13.033333333333331,17.5,35.666666666666664,19.8,0.2233333333333333,5.1,0.0,1.0,1.0,0.0,0.0,0.0
6165,2015-10-07,3,22.0,24,10,60.5,53.96666666666667,1019.8,997.0,7.833333333333333,4.766666666666667,11.0,14.0,71.46666666666665,53.03333333333333,0.0,0.0,0.0,0.0,0.0,0.0,0.0,0.0
6292,2017-10-13,5,22.0,23,10,61.13333333333333,55.1,1019.5,996.8333333333334,8.633333333333333,5.9,10.7,15.9,73.60000000000001,52.4,0.0,0.0,0.0,0.0,0.0,0.0,0.0,0.0
6012,2018-09-30,7,22.0,22,9,58.46666666666667,49.23333333333333,1022.75,999.5666666666666,9.633333333333333,5.9,10.7,15.9,68.89999999999999,49.16666666666666,0.03,0.0,0.0,1.0,0.0,0.0,0.0,0.0
1869,2018-03-26,1,22.0,14,3,39.93333333333333,23.4,1024.85,1000.7666666666668,10.0,8.966666666666667,16.7,22.899999999999995,54.13333333333333,28.5,0.0,0.0,0.0,1.0,0.0,0.0,0.0,0.0
4621,2015-07-29,3,22.0,19,7,81.56666666666666,65.96666666666667,1013.1,991.0666666666666,9.366666666666667,6.866666666666667,14.966666666666669,20.7,91.86666666666667,69.06666666666668,0.0266666666666666,0.0,0.0,1.0,0.0,0.0,1.0,0.0
19,2018-01-01,1,22.0,29,1,-0.9666666666666668,-11.266666666666666,1040.35,1014.8666666666668,10.0,9.133333333333333,11.733333333333334,16.733333333333334,11.1,-8.200000000000001,0.0,1.6,0.0,0.0,0.0,0.0,0.0,0.0
6424,2017-10-19,4,22.0,15,10,60.03333333333333,39.1,1019.35,996.6333333333332,9.833333333333334,6.6000000000000005,12.333333333333334,16.05,69.16666666666667,48.36666666666667,0.0,0.0,0.0,0.0,0.0,0.0,0.0,0.0
4408,2016-07-18,1,22.0,26,7,77.76666666666667,67.46666666666665,1017.9,995.7666666666668,9.966666666666669,5.233333333333333,15.033333333333331,23.95,86.43333333333334,65.60000000000001,0.5633333333333334,0.0,0.0,1.0,0.0,0.0,1.0,0.0
64,2018-01-03,3,22.0,24,1,11.1,3.1,1021.3,996.2333333333332,8.133333333333333,10.1,14.633333333333333,21.03333333333333,17.5,-2.6,0.0,1.6,0.0,0.0,1.0,0.0,0.0,0.0
2969,2015-05-15,5,22.0,17,5,65.43333333333334,56.56666666666666,1015.3,992.8,9.566666666666666,8.933333333333334,14.0,20.666666666666668,77.66666666666667,49.03333333333333,0.1399999999999999,0.0,0.0,1.0,0.0,0.0,0.0,0.0
4643,2015-07-30,4,22.0,29,7,77.7,54.5,1015.95,993.8,10.0,8.799999999999999,16.0,21.7,88.83333333333333,65.96666666666667,0.0,0.0,0.0,0.0,0.0,0.0,0.0,0.0
327,2019-01-15,2,22.0,25,1,25.83333333333333,22.46666666666667,1023.45,332.8333333333333,7.566666666666667,9.8,15.9,24.666666666666668,28.433333333333334,23.366666666666664,0.0,2.15,0.0,1.0,0.0,0.0,0.0,0.0
1340,2015-03-02,1,22.0,18,3,21.266666666666666,11.333333333333334,1031.4,1006.7,9.866666666666667,6.133333333333333,11.4,,32.733333333333334,9.266666666666667,0.01,6.5,0.0,0.0,0.0,0.0,0.0,0.0
1585,2016-03-12,6,22.0,21,3,44.0,37.03333333333333,1022.45,998.9666666666668,7.399999999999999,3.4,8.933333333333334,,59.06666666666666,34.333333333333336,0.0,0.0,0.0,0.0,0.0,0.0,0.0,0.0
2748,2017-05-05,5,22.0,23,5,47.93333333333334,38.73333333333333,1010.9,987.5333333333332,10.0,13.3,21.0,31.33333333333333,57.2,41.96666666666667,0.0,0.0,0.0,0.0,0.0,0.0,0.0,0.0
3409,2017-06-04,7,22.0,46,6,79.63333333333333,58.9,1009.75,987.8,10.0,6.8,13.333333333333334,19.366666666666667,90.9,65.36666666666666,0.0,0.0,0.0,0.0,0.0,0.0,0.0,0.0
6451,2015-10-20,2,22.0,39,10,63.8,36.43333333333333,1017.65,995.2,10.0,11.633333333333333,17.666666666666668,26.266666666666666,75.96666666666667,43.76666666666667,0.0,0.0,0.0,0.0,0.0,0.0,0.0,0.0
415,2015-01-19,1,22.0,24,1,32.03333333333333,27.566666666666663,1015.85,992.1,9.1,3.5,7.966666666666666,,41.66666666666666,24.53333333333333,0.0,0.0,0.0,0.0,0.0,0.0,0.0,0.0
6127,2016-10-04,2,22.0,33,10,65.53333333333335,57.2,1017.3,994.6666666666666,10.0,6.6000000000000005,11.633333333333333,17.1,75.43333333333334,58.46666666666667,0.0,0.0,0.0,0.0,0.0,0.0,0.0,0.0
7970,2015-12-28,1,22.0,15,12,34.36666666666667,28.166666666666668,1023.0,996.8666666666668,6.866666666666667,16.7,23.366666666666664,33.266666666666666,40.766666666666666,31.266666666666666,0.02,2.0,0.0,1.0,1.0,0.0,0.0,0.0
2572,2017-04-27,4,22.0,16,4,54.6,49.5,999.75,975.9666666666668,8.866666666666667,12.166666666666666,23.633333333333336,33.333333333333336,72.03333333333333,44.63333333333333,0.3133333333333333,0.0,0.0,1.0,0.0,0.0,0.0,0.0
7678,2017-12-15,5,22.0,32,12,25.566666666666663,15.933333333333332,1015.8,991.7333333333332,9.933333333333334,7.966666666666666,15.7,26.03333333333333,33.7,16.533333333333335,0.0,0.0,0.0,0.0,1.0,0.0,0.0,0.0
614,2017-01-28,6,22.0,19,1,27.166666666666668,21.0,1009.45,985.5,9.533333333333331,11.233333333333334,15.3,22.366666666666664,30.366666666666664,25.166666666666668,0.0,0.0,0.0,0.0,0.0,0.0,0.0,0.0
1496,2016-03-08,2,22.0,19,3,61.63333333333333,48.56666666666666,1011.45,989.0333333333332,10.0,12.866666666666667,21.0,29.33333333333333,71.16666666666667,52.8,0.015,0.0,0.0,1.0,0.0,0.0,0.0,0.0
7261,2019-11-26,2,22.0,19,11,41.1,35.6,1008.1,989.4666666666668,9.033333333333331,4.9,11.333333333333334,19.0,50.56666666666666,30.566666666666663,0.0,0.0,0.0,1.0,0.0,0.0,0.0,0.0
2264,2017-04-13,4,22.0,15,4,50.46666666666667,36.56666666666667,1026.9,1003.3,9.733333333333333,7.8,12.066666666666668,21.55,61.7,43.96666666666667,0.05,0.0,0.0,1.0,0.0,0.0,0.0,0.0
2092,2016-04-04,1,22.0,16,4,40.6,29.3,1013.9,991.9333333333334,9.466666666666669,14.266666666666666,21.633333333333336,33.666666666666664,65.7,31.766666666666666,0.0166666666666666,0.0,0.0,1.0,1.0,0.0,0.0,0.0
2792,2017-05-07,7,22.0,26,5,47.43333333333334,27.23333333333333,1015.7,992.4333333333334,10.0,7.833333333333333,14.033333333333331,18.633333333333333,56.9,36.333333333333336,0.0,0.0,0.0,0.0,0.0,0.0,0.0,0.0
6671,2015-10-30,5,22.0,31,10,45.63333333333333,36.766666666666666,1017.95,994.3,9.966666666666669,4.633333333333334,10.6,14.0,56.23333333333333,35.666666666666664,0.0,0.0,0.0,1.0,0.0,0.0,0.0,0.0
7942,2017-12-27,3,22.0,19,12,1.5,-8.366666666666667,1041.15,1015.3666666666668,10.0,7.0,9.566666666666668,,8.133333333333333,-3.633333333333333,0.0,1.2,0.0,0.0,0.0,0.0,0.0,0.0
7085,2019-11-18,1,22.0,27,11,37.06666666666667,33.733333333333334,1009.9,986.2333333333332,5.866666666666667,4.166666666666667,7.666666666666667,,40.46666666666667,32.300000000000004,0.0133333333333333,0.0,0.0,1.0,0.0,0.0,0.0,0.0
306,2018-01-14,7,22.0,22,1,11.633333333333333,0.7333333333333333,1037.1,1011.9666666666668,9.9,5.2,13.333333333333334,18.73333333333333,21.066666666666663,4.1000000000000005,0.0,0.0,0.0,0.0,1.0,0.0,0.0,0.0
2726,2017-05-04,4,22.0,25,5,47.9,37.6,1016.55,993.1666666666666,10.0,9.933333333333334,18.633333333333333,26.03333333333333,52.26666666666667,42.266666666666666,0.01,0.0,0.0,0.0,0.0,0.0,0.0,0.0
5460,2015-09-05,6,22.0,21,9,74.8,67.0,1017.6,995.3666666666668,9.4,5.4,11.0,,86.3,68.26666666666667,0.0233333333333333,0.0,0.0,1.0,0.0,0.0,1.0,0.0
4535,2018-07-25,3,22.0,21,7,77.53333333333333,60.73333333333333,1015.0,992.7666666666668,10.0,4.5,8.299999999999999,,87.76666666666667,65.66666666666667,0.0,0.0,0.0,0.0,0.0,0.0,0.0,0.0
350,2018-01-16,2,22.0,26,1,13.6,7.833333333333333,1031.5,1005.7666666666668,5.933333333333334,9.333333333333334,13.333333333333334,17.666666666666668,24.933333333333334,5.5,0.04,2.15,0.0,0.0,1.0,0.0,0.0,0.0
6898,2016-11-08,2,22.0,21,11,55.4,46.46666666666667,1022.2,999.2333333333332,9.866666666666667,6.466666666666666,14.933333333333332,22.45,64.2,47.36666666666667,0.02,0.0,0.0,1.0,0.0,0.0,0.0,0.0
4077,2016-07-03,7,22.0,29,7,68.0,51.73333333333333,1018.1,995.6,9.933333333333334,5.233333333333333,12.366666666666667,16.7,76.63333333333333,56.43333333333334,0.0,0.0,0.0,0.0,0.0,0.0,0.0,0.0
4623,2018-07-29,7,22.0,21,7,70.66666666666667,57.333333333333336,1018.75,996.3333333333334,10.0,2.966666666666667,10.366666666666667,,80.23333333333333,60.66666666666666,0.0,0.0,0.0,0.0,0.0,0.0,0.0,0.0
5017,2015-08-16,7,22.0,31,8,78.43333333333334,68.5,1017.95,995.8333333333334,9.633333333333333,5.633333333333333,13.333333333333334,19.7,90.4,68.60000000000001,0.24,0.0,0.0,0.0,0.0,0.0,0.0,0.0
3455,2018-06-06,3,22.0,25,6,61.9,48.0,1013.55,990.8333333333334,10.0,6.566666666666666,15.633333333333333,18.1,79.43333333333334,48.8,0.055,0.0,0.0,1.0,0.0,0.0,0.0,0.0
4386,2016-07-17,7,22.0,25,7,71.39999999999999,58.86666666666667,1016.45,994.2333333333332,10.0,9.0,19.066666666666663,25.33333333333333,84.2,61.4,0.0833333333333333,0.0,0.0,1.0,0.0,0.0,1.0,0.0
130,2018-01-06,6,22.0,11,1,5.766666666666667,-5.466666666666666,1036.4499999999998,1010.8666666666668,10.0,5.1000000000000005,7.633333333333333,,16.8,-2.9,0.0,1.6,0.0,0.0,0.0,0.0,0.0,0.0
6006,2017-09-30,6,22.0,14,9,60.73333333333333,45.3,1028.1999999999998,1005.2,10.0,7.533333333333334,13.333333333333334,20.0,67.46666666666667,53.63333333333333,0.0,0.0,0.0,0.0,0.0,0.0,0.0,0.0
2461,2019-04-22,1,22.0,25,4,66.8,43.03333333333333,1015.65,993.2333333333332,10.0,9.933333333333332,21.066666666666663,29.4,79.66666666666667,50.36666666666667,0.0,0.0,0.0,1.0,0.0,0.0,1.0,0.0
3232,2017-05-27,6,22.0,25,5,62.1,55.13333333333333,1011.35,988.5666666666666,9.5,5.7,11.3,14.0,75.26666666666667,54.13333333333333,0.3033333333333333,0.0,0.0,1.0,0.0,0.0,0.0,0.0
41,2016-01-02,6,22.0,16,1,27.766666666666666,20.0,1019.5,995.6666666666666,10.0,9.266666666666666,14.0,19.55,32.666666666666664,20.633333333333333,0.02,1.6,0.0,0.0,0.0,0.0,0.0,0.0
6612,2016-10-26,3,22.0,21,10,47.633333333333326,41.96666666666667,1024.05,999.7666666666668,8.033333333333333,9.966666666666669,20.0,27.633333333333336,51.46666666666667,41.9,0.2433333333333333,0.0,0.0,1.0,0.0,0.0,0.0,0.0
6083,2016-10-02,7,22.0,28,10,60.7,57.43333333333334,1016.95,993.8,7.766666666666667,5.233333333333333,8.6,,66.43333333333334,56.16666666666666,0.87,0.0,1.0,0.0,0.0,0.0,0.0,0.0
7531,2018-12-08,6,22.0,22,12,23.766666666666666,13.1,1036.3000000000002,1011.6666666666666,10.0,3.466666666666667,8.700000000000001,14.0,30.133333333333336,17.233333333333334,0.0,0.0,0.0,0.0,0.0,0.0,0.0,0.0
4507,2019-07-24,3,22.0,25,7,70.3,55.23333333333333,1020.15,997.8,10.0,4.333333333333333,9.233333333333334,14.95,79.23333333333333,60.16666666666666,0.0,0.0,0.0,0.0,0.0,0.0,0.0,0.0
4177,2019-07-09,2,22.0,14,7,74.7,59.43333333333334,1015.7,993.4333333333334,9.566666666666668,4.233333333333333,9.666666666666666,20.0,88.0,62.46666666666667,0.0,0.0,0.0,0.0,0.0,0.0,0.0,0.0
5774,2016-09-18,7,22.0,28,9,69.56666666666666,56.1,1013.95,991.5666666666666,10.0,3.0,6.966666666666666,,81.3,58.833333333333336,0.0233333333333333,0.0,0.0,0.0,0.0,0.0,0.0,0.0
6121,2015-10-05,1,22.0,21,10,57.46666666666667,53.73333333333333,1021.55,998.4,7.333333333333333,6.533333333333334,10.666666666666666,15.0,60.03333333333333,52.16666666666666,0.0,0.0,0.0,0.0,0.0,0.0,0.0,0.0
393,2019-01-18,5,22.0,21,1,31.0,25.2,1020.75,996.5,8.9,6.433333333333334,14.066666666666668,17.0,34.666666666666664,29.066666666666663,0.0,1.2,0.0,0.0,1.0,0.0,0.0,0.0
5764,2017-09-19,2,22.0,24,9,69.66666666666667,63.56666666666666,1013.75,991.2666666666668,8.166666666666666,5.2,9.966666666666669,,78.26666666666667,62.76666666666667,0.26,0.0,0.0,1.0,0.0,0.0,0.0,0.0
8042,2016-12-30,5,22.0,25,12,30.166666666666668,18.26666666666667,1016.75,992.9,9.966666666666669,11.333333333333334,16.733333333333334,28.366666666666664,34.53333333333333,24.566666666666663,0.0,0.0,0.0,0.0,1.0,0.0,0.0,0.0
4734,2018-08-03,5,22.0,27,8,75.3,61.93333333333334,1015.75,993.5666666666666,9.033333333333331,3.4333333333333336,9.633333333333333,15.9,87.76666666666667,62.866666666666674,0.0,0.0,0.0,0.0,0.0,0.0,0.0,0.0
5035,2019-08-17,6,22.0,26,8,73.66666666666667,67.63333333333333,1011.35,989.2333333333332,9.9,4.733333333333333,10.966666666666669,,82.2,66.43333333333334,0.0,0.0,0.0,1.0,0.0,0.0,1.0,0.0
7703,2019-12-16,1,22.0,28,12,27.03333333333333,22.03333333333333,1021.95,997.6,7.400000000000001,3.6,8.933333333333334,,31.33333333333333,24.266666666666666,0.005,0.0,0.0,0.0,1.0,0.0,0.0,0.0
6392,2016-10-16,7,22.0,28,10,68.3,63.13333333333333,1012.05,989.6666666666666,9.066666666666666,8.466666666666667,14.966666666666669,20.666666666666668,71.5,60.63333333333333,0.29,0.0,0.0,1.0,0.0,0.0,1.0,0.0
6688,2019-10-31,4,22.0,22,10,35.6,34.3,1011.6,988.2666666666668,2.966666666666667,13.133333333333333,18.7,27.633333333333336,42.2,31.266666666666666,0.42,2.55,1.0,1.0,1.0,0.0,0.0,0.0
4859,2019-08-09,5,22.0,21,8,72.5,55.06666666666666,1012.9,990.6666666666666,9.966666666666669,4.333333333333333,10.266666666666667,16.0,84.0,60.63333333333333,0.0,0.0,0.0,0.0,0.0,0.0,0.0,0.0
6446,2017-10-20,5,22.0,30,10,62.13333333333333,46.06666666666666,1020.25,997.5666666666666,10.0,6.033333333333334,13.666666666666666,18.05,78.76666666666667,51.26666666666667,0.0,0.0,0.0,0.0,0.0,0.0,0.0,0.0
7646,2016-12-12,1,22.0,23,12,26.3,22.266666666666666,1015.7,990.25,6.133333333333333,9.633333333333333,14.666666666666666,21.3,33.93333333333333,14.6,0.2466666666666666,4.1,1.0,0.0,1.0,0.0,0.0,0.0
1936,2018-03-29,4,22.0,16,3,44.66666666666666,40.0,1012.85,989.4333333333334,6.366666666666667,5.666666666666667,14.333333333333334,20.633333333333333,50.06666666666666,39.2,0.06,0.0,0.0,1.0,0.0,0.0,0.0,0.0
1604,2015-03-14,6,22.0,26,3,50.4,37.7,1016.45,993.3333333333334,9.0,7.899999999999999,16.033333333333335,24.3,63.366666666666674,38.53333333333333,0.0,0.0,0.0,0.0,0.0,0.0,0.0,0.0
2395,2019-04-19,5,22.0,10,4,43.63333333333333,35.666666666666664,1009.35,985.9333333333334,9.8,16.900000000000002,24.96666666666667,38.333333333333336,52.86666666666667,40.53333333333333,0.3566666666666667,0.0,0.0,1.0,0.0,0.0,0.0,0.0
5484,2018-09-06,4,22.0,26,9,69.83333333333333,64.93333333333334,1023.65,1000.8,8.933333333333332,9.633333333333333,14.0,16.05,76.39999999999999,66.66666666666667,0.2466666666666666,0.0,0.0,1.0,0.0,0.0,0.0,0.0
5786,2017-09-20,3,22.0,26,9,74.53333333333333,65.2,1011.8,989.7666666666668,8.200000000000001,6.966666666666666,16.333333333333332,21.6,91.26666666666668,62.06666666666666,0.0233333333333333,0.0,0.0,0.0,0.0,0.0,0.0,0.0
835,2016-02-07,7,22.0,22,2,38.1,29.2,1013.35,989.9333333333334,9.966666666666669,10.233333333333333,18.3,25.066666666666663,44.9,29.5,0.0,0.0,0.0,0.0,0.0,0.0,0.0,0.0
2815,2015-05-08,5,22.0,25,5,71.66666666666667,60.36666666666667,1013.2,991.0666666666666,9.666666666666666,7.566666666666666,18.33333333333333,32.300000000000004,84.66666666666667,55.16666666666666,0.04,0.0,0.0,1.0,0.0,0.0,1.0,0.0
1495,2018-03-09,5,22.0,21,3,29.433333333333334,16.866666666666667,1017.05,993.1,10.0,5.0,10.366666666666667,18.1,39.5,21.96666666666667,0.0,0.0,0.0,0.0,0.0,0.0,0.0,0.0
4554,2017-07-26,3,22.0,29,7,74.63333333333334,62.23333333333333,1017.8,995.5333333333332,9.966666666666669,6.166666666666667,9.933333333333334,,84.3,65.46666666666667,0.0,0.0,0.0,0.0,0.0,0.0,0.0,0.0
2198,2015-04-10,5,22.0,21,4,54.13333333333333,41.36666666666667,1006.75,983.4666666666668,9.933333333333334,18.9,28.3,40.66666666666666,72.8,41.06666666666667,0.81,0.0,0.0,1.0,0.0,0.0,1.0,0.0
5355,2016-08-30,2,22.0,38,8,76.73333333333333,71.43333333333334,1019.35,997.2666666666668,7.366666666666667,3.6,14.7,15.0,84.73333333333333,71.39999999999999,0.1999999999999999,0.0,0.0,1.0,0.0,0.0,1.0,0.0
7551,2015-12-09,3,22.0,21,12,46.73333333333333,40.36666666666667,1006.55,983.4666666666668,9.0,8.033333333333333,12.033333333333331,14.0,53.2,39.66666666666666,0.0,0.0,0.0,0.0,0.0,0.0,0.0,0.0
6297,2015-10-13,2,22.0,22,10,56.63333333333333,40.9,1003.8,981.2333333333332,10.0,11.233333333333334,21.066666666666663,29.633333333333336,75.3,49.76666666666667,0.0,0.0,0.0,0.0,0.0,0.0,0.0,0.0
5924,2018-09-26,3,22.0,24,9,61.333333333333336,49.43333333333334,1016.75,993.3666666666668,10.0,8.533333333333333,14.366666666666667,21.933333333333334,67.46666666666667,50.66666666666666,0.2766666666666666,0.0,0.0,1.0,0.0,0.0,0.0,0.0
7382,2016-11-30,3,22.0,26,11,41.23333333333333,35.43333333333333,1002.45,979.4666666666668,9.866666666666667,8.133333333333333,16.0,19.666666666666668,54.16666666666666,33.4,0.0,0.0,0.0,1.0,0.0,0.0,0.0,0.0
6975,2019-11-13,3,22.0,13,11,15.9,4.633333333333334,1026.25,334.93333333333334,10.0,9.4,16.733333333333334,25.73333333333333,25.46666666666667,8.9,0.0,2.0,0.0,0.0,0.0,0.0,0.0,0.0
5038,2017-08-17,4,22.0,17,8,77.39999999999999,68.66666666666667,1007.55,985.8,9.6,11.8,19.03333333333333,25.7,84.86666666666666,70.2,0.19,0.0,0.0,1.0,0.0,0.0,0.0,0.0
6248,2017-10-11,3,22.0,20,10,58.86666666666667,56.66666666666666,1015.9,993.2333333333332,6.233333333333333,11.666666666666666,19.933333333333334,27.96666666666667,62.7,56.46666666666667,1.0733333333333337,0.0,0.0,1.0,0.0,0.0,0.0,0.0
877,2019-02-09,6,22.0,18,2,12.8,3.4,1044.6999999999998,19.3,9.733333333333333,5.133333333333334,14.333333333333334,19.066666666666663,25.23333333333333,5.766666666666667,0.0,0.0,0.0,0.0,1.0,0.0,0.0,0.0
2728,2018-05-04,5,22.0,27,5,66.73333333333333,55.93333333333334,1010.25,987.4666666666668,9.933333333333334,13.8,25.7,37.66666666666666,73.86666666666667,58.23333333333333,0.08,0.0,0.0,1.0,0.0,0.0,0.0,0.0
5807,2019-09-21,6,22.0,21,9,74.89999999999999,67.93333333333334,1017.9,995.8,9.8,7.599999999999999,17.599999999999998,27.633333333333336,81.96666666666667,69.43333333333334,0.0,0.0,0.0,1.0,0.0,0.0,0.0,0.0
6341,2015-10-15,4,22.0,33,10,54.76666666666667,36.06666666666666,1015.65,992.7666666666668,10.0,8.200000000000001,19.366666666666667,28.066666666666663,69.76666666666667,42.1,0.0,0.0,0.0,0.0,0.0,0.0,0.0,0.0
3825,2019-06-23,7,22.0,25,6,73.10000000000001,64.13333333333334,1012.4,989.9666666666668,9.733333333333333,8.433333333333334,14.333333333333334,22.73333333333333,81.63333333333334,62.0,0.0933333333333333,0.0,0.0,1.0,0.0,0.0,1.0,0.0
6182,2017-10-08,7,22.0,22,10,64.39999999999999,54.06666666666666,1006.9,984.4,10.0,8.9,19.7,30.366666666666664,79.06666666666666,53.3,0.4033333333333333,0.0,0.0,0.0,0.0,0.0,0.0,0.0
3809,2018-06-22,5,22.0,24,6,63.16666666666666,60.833333333333336,1007.35,984.6,6.966666666666666,10.2,14.0,23.05,66.96666666666667,60.333333333333336,1.95,0.0,0.0,1.0,0.0,0.0,0.0,0.0
3305,2016-05-29,7,22.0,18,5,73.39999999999999,59.86666666666667,1014.2,991.9666666666668,9.933333333333334,10.9,18.066666666666663,24.73333333333333,81.26666666666667,63.366666666666674,0.065,0.0,0.0,0.0,0.0,0.0,0.0,0.0
7990,2019-12-29,7,22.0,22,12,53.06666666666666,50.4,1005.6,982.4333333333334,7.633333333333333,10.0,16.0,26.366666666666664,57.6,45.03333333333333,0.7433333333333333,0.0,0.0,1.0,0.0,0.0,0.0,0.0
1406,2017-03-05,7,22.0,19,3,41.3,29.53333333333333,1024.9,1001.1,10.0,12.6,19.03333333333333,26.03333333333333,60.7,30.8,0.0,0.0,0.0,0.0,0.0,0.0,0.0,0.0
1186,2015-02-23,1,22.0,19,2,6.6000000000000005,-9.166666666666666,1039.4,1013.9666666666668,10.0,8.6,13.7,18.0,23.1,-1.4666666666666668,0.0,4.1,0.0,0.0,0.0,0.0,0.0,0.0
1274,2015-02-27,5,22.0,27,2,7.766666666666667,-4.566666666666666,1034.9,1008.4333333333334,10.0,6.766666666666667,11.0,,20.33333333333333,-4.4,0.01,7.5,0.0,0.0,0.0,0.0,0.0,0.0
6072,2017-10-03,2,22.0,21,10,71.83333333333333,58.46666666666667,1022.5,1000.3666666666668,9.766666666666667,11.333333333333334,16.400000000000002,22.266666666666666,80.7,62.63333333333333,0.0,0.0,0.0,0.0,0.0,0.0,0.0,0.0
4378,2017-07-18,2,22.0,29,7,73.23333333333333,57.96666666666667,1016.95,994.5666666666666,8.733333333333333,2.833333333333333,8.6,,88.96666666666665,57.66666666666666,0.0,0.0,0.0,0.0,0.0,0.0,0.0,0.0
6803,2015-11-05,4,22.0,19,11,64.06666666666666,56.6,1015.75,993.2333333333332,9.6,9.8,20.0,27.633333333333336,71.23333333333333,52.03333333333333,0.0,0.0,0.0,1.0,0.0,0.0,0.0,0.0
5576,2016-09-09,5,22.0,23,9,73.33333333333333,67.73333333333333,1012.7,990.5333333333332,8.533333333333333,3.633333333333333,11.0,15.9,80.13333333333334,64.96666666666665,0.0233333333333333,0.0,0.0,1.0,0.0,0.0,0.0,0.0
5510,2016-09-06,2,22.0,26,9,81.93333333333334,72.60000000000001,1016.4,994.4666666666668,9.966666666666669,8.633333333333333,14.633333333333333,20.666666666666668,91.56666666666666,69.86666666666666,0.0,0.0,0.0,0.0,0.0,0.0,0.0,0.0
3144,2017-05-23,2,22.0,30,5,60.76666666666667,54.2,1009.45,986.9,9.5,7.133333333333333,16.333333333333332,23.066666666666663,69.96666666666667,53.76666666666667,0.0133333333333333,0.0,0.0,1.0,0.0,0.0,0.0,0.0
4048,2015-07-03,5,22.0,28,7,65.7,53.0,1014.4,991.7,10.0,4.9,9.633333333333333,14.0,76.16666666666667,56.0,0.0,0.0,0.0,0.0,0.0,0.0,0.0,0.0
505,2016-01-23,6,22.0,18,1,28.566666666666663,19.666666666666668,1023.8,999.4333333333334,9.7,5.5,12.366666666666667,19.0,34.4,19.866666666666667,0.01,1.2,0.0,0.0,1.0,0.0,0.0,0.0
3212,2018-05-26,6,22.0,24,5,77.96666666666667,64.53333333333333,1007.1,985.2,9.666666666666666,5.7,10.066666666666666,15.0,89.13333333333333,67.53333333333333,0.065,0.0,0.0,1.0,0.0,0.0,0.0,0.0
702,2015-02-01,7,22.0,20,2,30.8,28.766666666666666,1016.45,990.9666666666668,1.6,8.4,18.33333333333333,27.0,37.833333333333336,20.03333333333333,0.2466666666666666,13.0,1.0,1.0,1.0,0.0,0.0,0.0
3745,2016-06-18,6,22.0,27,6,74.0,51.96666666666667,1021.15,998.7333333333332,10.0,4.733333333333333,11.0,15.55,87.33333333333333,59.23333333333333,0.0,0.0,0.0,0.0,0.0,0.0,0.0,0.0
680,2015-01-31,6,22.0,19,1,28.366666666666664,19.8,1026.25,1002.3666666666668,10.0,5.833333333333333,12.4,14.0,37.833333333333336,19.7,0.0,1.2,0.0,0.0,0.0,0.0,0.0,0.0
7998,2016-12-28,3,22.0,16,12,30.633333333333336,23.366666666666664,1017.65,993.7333333333332,10.0,7.833333333333333,23.066666666666663,30.3,44.1,21.266666666666666,0.0,0.0,0.0,0.0,0.0,0.0,0.0,0.0
460,2018-01-21,7,22.0,18,1,40.66666666666666,38.6,1015.15,991.6666666666666,5.4,4.0,8.933333333333334,,45.36666666666667,37.0,0.0,0.0,1.0,1.0,0.0,0.0,0.0,0.0
6583,2015-10-26,1,22.0,30,10,49.26666666666667,37.63333333333333,1028.55,1005.1,10.0,3.7,9.9,,62.5,37.5,0.0,0.0,0.0,0.0,0.0,0.0,0.0,0.0
7458,2017-12-05,2,22.0,20,12,41.73333333333333,28.633333333333336,1008.7,985.4333333333334,9.866666666666667,22.3,30.3,41.63333333333333,63.53333333333334,30.066666666666663,0.075,0.0,0.0,1.0,0.0,0.0,0.0,0.0
1185,2019-02-23,6,22.0,16,2,35.26666666666667,29.96666666666667,1019.9,994.5,6.066666666666666,7.366666666666667,11.966666666666669,17.1,40.16666666666666,27.8,0.1066666666666666,0.0,0.0,1.0,0.0,0.0,0.0,0.0
7507,2015-12-07,1,22.0,26,12,34.800000000000004,32.666666666666664,1023.5,999.7,3.8333333333333335,3.466666666666667,9.966666666666669,15.9,47.26666666666667,28.23333333333333,0.0,0.0,1.0,0.0,0.0,0.0,0.0,0.0
7260,2017-11-26,7,22.0,15,11,37.73333333333333,25.666666666666668,1021.7,997.9666666666668,10.0,6.0,12.033333333333331,15.0,50.7,26.6,0.0,0.0,0.0,0.0,0.0,0.0,0.0,0.0
5104,2017-08-20,7,22.0,23,8,74.83333333333333,59.833333333333336,1015.35,993.1,9.933333333333334,4.4,9.666666666666666,18.1,88.53333333333335,62.833333333333336,0.0,0.0,0.0,1.0,0.0,0.0,0.0,0.0
2705,2015-05-03,7,22.0,27,5,67.63333333333334,41.86666666666667,1013.95,991.6333333333332,10.0,7.833333333333333,18.73333333333333,25.066666666666663,80.39999999999999,49.76666666666667,0.0,0.0,0.0,1.0,0.0,0.0,0.0,0.0
7067,2015-11-17,2,22.0,30,11,51.6,47.333333333333336,1015.25,992.0333333333332,8.299999999999999,12.4,20.33333333333333,28.266666666666666,58.4,45.2,0.0533333333333333,0.0,0.0,1.0,0.0,0.0,0.0,0.0
7245,2018-11-25,7,22.0,15,11,38.66666666666666,34.36666666666667,1008.9,986.0,8.533333333333333,7.7,20.666666666666668,31.366666666666664,43.5,34.2,0.0466666666666666,0.0,0.0,1.0,0.0,0.0,0.0,0.0
7421,2018-12-03,1,22.0,21,12,34.63333333333333,30.066666666666663,1012.75,988.3333333333334,7.966666666666666,10.233333333333334,16.7,24.666666666666668,40.766666666666666,31.633333333333336,0.0366666666666666,0.0,0.0,1.0,1.0,0.0,0.0,0.0
5444,2016-09-03,6,22.0,22,9,68.2,56.9,1022.4,999.7333333333332,10.0,5.533333333333334,9.966666666666669,14.0,76.46666666666667,56.3,0.0,0.0,0.0,0.0,0.0,0.0,0.0,0.0
8034,2019-12-31,2,22.0,20,12,27.4,21.33333333333333,1005.5,981.2333333333332,7.3,15.9,25.366666666666664,36.23333333333333,30.83333333333333,25.3,0.0466666666666666,1.2,0.0,0.0,1.0,0.0,0.0,0.0
5664,2016-09-13,2,22.0,25,9,71.89999999999999,59.5,1016.55,994.2333333333332,10.0,6.833333333333333,12.366666666666667,16.3,85.39999999999999,58.70000000000001,0.0,0.0,0.0,0.0,0.0,0.0,0.0,0.0
5896,2019-09-25,3,22.0,19,9,69.56666666666666,57.333333333333336,1006.95,984.9666666666668,10.0,11.166666666666666,15.366666666666667,24.03333333333333,79.3,61.63333333333333,0.0,0.0,0.0,1.0,0.0,0.0,0.0,0.0
349,2019-01-16,3,22.0,27,1,31.73333333333333,26.0,1022.3,998.0333333333332,8.166666666666666,8.266666666666667,14.0,20.03333333333333,34.300000000000004,26.46666666666667,0.0,1.6,0.0,1.0,0.0,0.0,0.0,0.0
7902,2019-12-25,3,22.0,24,12,47.26666666666667,39.73333333333333,1012.6,989.6666666666666,10.0,7.666666666666667,12.666666666666666,19.03333333333333,59.46666666666667,34.7,0.0,0.0,0.0,0.0,0.0,0.0,0.0,0.0
7084,2017-11-18,6,22.0,21,11,43.26666666666667,41.4,1001.05,977.3,4.9,10.933333333333332,21.0,28.6,47.7,35.5,0.53,0.0,0.0,1.0,1.0,0.0,0.0,0.0
6407,2015-10-18,7,22.0,19,10,44.76666666666667,26.866666666666664,1030.65,1006.9666666666668,10.0,3.1333333333333333,7.966666666666666,14.0,60.03333333333333,32.733333333333334,0.0,0.0,0.0,0.0,0.0,0.0,0.0,0.0
7924,2019-12-26,4,22.0,18,12,55.43333333333334,48.8,1012.7,990.0,10.0,9.9,13.333333333333334,22.0,61.9,46.03333333333333,0.0,0.0,0.0,0.0,0.0,0.0,0.0,0.0
7663,2018-12-14,5,22.0,21,12,39.63333333333333,38.73333333333333,1021.5,997.3333333333334,1.8333333333333333,5.266666666666667,10.3,15.0,43.03333333333333,33.86666666666667,0.2533333333333333,0.0,1.0,1.0,0.0,0.0,0.0,0.0
1713,2019-03-19,2,22.0,20,3,38.266666666666666,24.933333333333334,1028.9,5.066666666666666,10.0,5.7,12.333333333333334,16.333333333333332,49.333333333333336,27.3,0.0,0.0,0.0,0.0,0.0,0.0,0.0,0.0
2794,2018-05-07,1,22.0,29,5,58.43333333333334,41.43333333333334,1021.45,998.4333333333334,10.0,4.633333333333334,13.366666666666667,15.9,72.96666666666667,46.93333333333334,0.0,0.0,0.0,0.0,0.0,0.0,0.0,0.0
3696,2015-06-17,3,22.0,37,6,61.9,52.36666666666667,1017.6,994.6666666666666,8.333333333333334,3.633333333333333,8.299999999999999,,70.83333333333333,57.13333333333333,0.0,0.0,0.0,1.0,0.0,0.0,0.0,0.0
923,2016-02-11,4,22.0,23,2,14.566666666666668,0.3333333333333333,1025.4499999999998,1000.6,10.0,6.366666666666667,9.266666666666667,,22.866666666666664,8.5,0.0,1.2,0.0,0.0,0.0,0.0,0.0,0.0
6011,2015-09-30,3,22.0,27,9,58.16666666666666,45.0,1021.5,998.1,10.0,13.866666666666667,19.366666666666667,25.7,67.10000000000001,54.5,0.1333333333333333,0.0,0.0,0.0,0.0,0.0,0.0,0.0
966,2018-02-13,2,22.0,12,2,20.066666666666663,11.166666666666666,1038.15,1013.3,9.4,4.066666666666666,9.333333333333334,21.0,34.36666666666667,7.400000000000001,0.0,10.4,0.0,0.0,0.0,0.0,0.0,0.0
2750,2018-05-05,6,22.0,31,5,68.5,46.26666666666667,1015.05,992.6666666666666,10.0,5.966666666666666,14.7,18.066666666666663,81.3,54.0,0.0,0.0,0.0,0.0,0.0,0.0,0.0,0.0
6056,2018-10-02,2,22.0,20,10,64.33333333333333,58.93333333333334,1017.4,994.4333333333334,9.3,5.6000000000000005,16.400000000000002,26.3,74.2,58.7,1.475,0.0,0.0,1.0,0.0,0.0,1.0,0.0
5636,2015-09-13,7,22.0,21,9,58.66666666666666,44.46666666666667,1016.7,993.8,10.0,6.1000000000000005,10.6,16.400000000000002,70.53333333333333,48.13333333333333,0.1566666666666666,0.0,0.0,0.0,0.0,0.0,0.0,0.0
306,2016-01-14,4,22.0,21,1,31.8,24.5,1007.2,983.5,10.0,8.133333333333333,13.0,20.95,44.03333333333333,22.03333333333333,0.0,1.2,0.0,0.0,0.0,0.0,0.0,0.0
461,2016-01-21,4,22.0,20,1,18.8,12.033333333333331,1027.9,1003.3,9.6,2.2,6.033333333333334,,30.0,10.533333333333331,0.0,1.2,0.0,0.0,0.0,0.0,0.0,0.0
6717,2018-11-01,4,22.0,31,11,49.96666666666667,38.0,1011.4,987.7666666666668,10.0,8.233333333333333,18.066666666666663,23.3,55.0,46.13333333333333,0.1433333333333333,0.0,0.0,0.0,0.0,0.0,0.0,0.0
5043,2018-08-17,5,22.0,26,8,74.56666666666666,67.93333333333334,1012.95,990.8333333333334,8.5,4.066666666666666,10.7,16.333333333333332,84.13333333333334,68.06666666666666,0.3566666666666667,0.0,0.0,1.0,0.0,0.0,1.0,0.0
5422,2016-09-02,5,22.0,22,9,68.2,56.73333333333333,1023.4,1000.5666666666666,10.0,8.066666666666666,13.0,17.1,74.03333333333335,61.56666666666666,0.0,0.0,0.0,0.0,0.0,0.0,0.0,0.0
2858,2017-05-10,3,22.0,32,5,54.833333333333336,42.26666666666667,1014.0,990.9333333333334,9.5,4.866666666666666,11.7,18.95,66.16666666666667,45.8,0.0566666666666666,0.0,0.0,1.0,0.0,0.0,0.0,0.0
4533,2015-07-25,6,22.0,24,7,78.86666666666666,66.03333333333333,1012.4,990.4,10.0,7.066666666666666,13.0,15.0,90.96666666666664,64.93333333333334,0.0,0.0,0.0,0.0,0.0,0.0,0.0,0.0
3256,2018-05-28,1,22.0,30,5,82.23333333333333,63.333333333333336,1012.05,990.1,10.0,5.133333333333334,20.73333333333333,32.4,95.36666666666667,70.7,0.0,0.0,0.0,0.0,0.0,0.0,0.0,0.0
1933,2019-03-29,5,22.0,19,3,46.56666666666666,33.733333333333334,1017.9,994.4666666666668,10.0,6.066666666666666,9.566666666666668,15.0,58.13333333333333,40.266666666666666,0.0033333333333333,0.0,0.0,1.0,0.0,0.0,0.0,0.0
4092,2015-07-05,7,22.0,25,7,73.33333333333333,58.7,1016.7,994.5,7.033333333333334,3.1333333333333333,8.9,,83.33333333333333,58.53333333333333,0.0,0.0,0.0,0.0,0.0,0.0,0.0,0.0
3168,2018-05-24,4,22.0,35,5,70.3,54.56666666666666,1020.55,998.0,9.833333333333334,4.266666666666667,9.933333333333334,,86.06666666666666,54.5,0.0,0.0,0.0,0.0,0.0,0.0,0.0,0.0
7360,2016-11-29,2,22.0,23,11,50.3,44.2,996.3,973.0333333333332,9.533333333333331,12.3,19.366666666666667,26.7,57.06666666666666,42.03333333333333,0.6733333333333333,0.0,0.0,1.0,0.0,0.0,0.0,0.0
3077,2019-05-20,1,22.0,30,5,54.06666666666666,44.2,1014.1,991.3,10.0,10.166666666666666,18.666666666666668,29.0,70.63333333333334,47.86666666666667,0.12,0.0,0.0,0.0,0.0,0.0,0.0,0.0
3941,2018-06-28,4,22.0,30,6,75.10000000000001,65.53333333333333,1011.95,989.8333333333334,8.633333333333333,2.5333333333333337,9.633333333333333,,87.16666666666667,65.23333333333333,0.0233333333333333,0.0,0.0,0.0,0.0,0.0,0.0,0.0
2660,2017-05-01,1,22.0,37,5,51.36666666666667,46.4,997.85,975.4,7.933333333333333,11.133333333333333,22.03333333333333,31.666666666666668,58.8,44.56666666666666,0.97,0.0,0.0,1.0,0.0,0.0,1.0,0.0
1627,2018-03-15,4,22.0,20,3,38.93333333333333,25.866666666666664,1010.8,987.3333333333334,10.0,6.3,12.333333333333334,18.73333333333333,48.8,26.666666666666668,0.0,1.2,0.0,0.0,0.0,0.0,0.0,0.0
4202,2015-07-10,5,22.0,23,7,68.86666666666666,56.4,1018.25,995.7666666666668,8.366666666666667,3.2999999999999994,8.299999999999999,,81.16666666666667,58.46666666666667,0.0,0.0,0.0,0.0,0.0,0.0,0.0,0.0
2772,2018-05-06,7,22.0,19,5,61.833333333333336,43.23333333333333,1014.65,992.0,9.933333333333334,7.1000000000000005,16.3,21.666666666666668,80.39999999999999,52.1,0.0,0.0,0.0,0.0,0.0,0.0,0.0,0.0
6006,2019-09-30,1,22.0,30,9,72.53333333333335,67.2,1016.4,994.6333333333332,6.633333333333333,5.4,13.966666666666669,20.666666666666668,86.06666666666666,63.2,0.0533333333333333,0.0,1.0,1.0,0.0,0.0,0.0,0.0
1604,2017-03-14,2,22.0,17,3,25.2,18.866666666666667,1026.15,1001.2666666666668,4.933333333333334,10.133333333333333,17.333333333333332,25.4,30.3,19.133333333333333,0.1766666666666666,4.5,1.0,0.0,1.0,0.0,0.0,0.0
2924,2017-05-13,6,22.0,23,5,61.4,45.833333333333336,1012.05,989.3666666666668,9.933333333333334,5.866666666666667,14.633333333333333,22.33333333333333,80.76666666666667,45.1,0.0,0.0,0.0,0.0,0.0,0.0,0.0,0.0
503,2015-01-23,5,22.0,20,1,30.766666666666666,24.1,1024.4,1000.8666666666668,9.3,9.533333333333331,14.0,18.05,32.666666666666664,28.933333333333334,0.0,0.0,0.0,0.0,0.0,0.0,0.0,0.0
2599,2016-04-27,3,22.0,21,4,45.6,39.7,1013.05,989.3666666666668,8.799999999999999,12.166666666666666,17.7,20.5,49.5,42.266666666666666,0.0033333333333333,0.0,0.0,1.0,0.0,0.0,0.0,0.0
7818,2018-12-21,5,22.0,24,12,36.03333333333333,32.93333333333333,1004.15,980.3,6.766666666666667,11.4,17.433333333333334,24.03333333333333,46.36666666666667,31.633333333333336,0.0733333333333333,0.0,0.0,1.0,1.0,0.0,0.0,0.0
4246,2015-07-12,7,22.0,30,7,73.39999999999999,65.03333333333333,1014.9,992.8,8.633333333333333,4.333333333333333,8.299999999999999,,82.43333333333334,61.03333333333334,0.06,0.0,0.0,1.0,0.0,0.0,0.0,0.0
1142,2017-02-21,2,22.0,19,2,59.23333333333333,50.3,1012.95,990.3666666666668,8.766666666666666,7.966666666666666,13.666666666666666,20.33333333333333,66.73333333333333,48.8,0.055,0.0,0.0,1.0,0.0,0.0,0.0,0.0
7612,2017-12-12,2,22.0,23,12,25.0,15.233333333333333,1016.95,991.9666666666668,9.3,13.066666666666668,19.33333333333333,29.566666666666663,36.56666666666667,17.566666666666666,0.0433333333333333,1.2,0.0,0.0,1.0,0.0,0.0,0.0
1339,2019-03-02,6,22.0,26,3,30.066666666666663,22.7,1022.7,998.6666666666666,8.833333333333334,5.6000000000000005,12.333333333333334,17.666666666666668,33.86666666666667,26.46666666666667,0.0,0.0,0.0,0.0,1.0,0.0,0.0,0.0
5814,2018-09-21,5,22.0,25,9,78.2,61.6,1010.45,988.6,9.933333333333334,13.233333333333334,19.366666666666667,30.0,90.23333333333332,66.36666666666666,0.0366666666666666,0.0,0.0,0.0,0.0,0.0,0.0,0.0
350,2017-01-16,1,22.0,25,1,33.23333333333333,29.666666666666668,1024.85,1000.3666666666668,5.733333333333333,3.6666666666666665,7.3,,36.56666666666667,27.5,0.0366666666666666,0.0,1.0,1.0,1.0,0.0,0.0,0.0
2706,2018-05-03,4,22.0,27,5,65.26666666666667,60.53333333333333,1012.0,989.7,8.0,5.233333333333333,17.599999999999998,28.633333333333336,79.76666666666667,57.36666666666667,1.0233333333333334,0.0,0.0,1.0,0.0,0.0,1.0,0.0
1736,2015-03-20,5,22.0,20,3,42.5,31.53333333333333,1019.15,995.8666666666668,8.866666666666667,6.533333333333334,12.666666666666666,18.55,50.43333333333334,37.2,0.0,0.0,0.0,0.0,0.0,0.0,0.0,0.0
1032,2017-02-16,4,22.0,20,2,33.6,15.433333333333332,1013.4,989.6333333333332,10.0,5.9,11.4,14.95,41.36666666666667,28.46666666666667,0.0,0.0,0.0,0.0,0.0,0.0,0.0,0.0
173,2015-01-08,4,22.0,19,1,-1.1666666666666667,-8.933333333333334,1034.3,1006.2333333333332,8.299999999999999,12.933333333333332,23.33333333333333,32.4,12.366666666666667,-7.733333333333333,0.0,3.5,0.0,0.0,1.0,0.0,0.0,0.0
635,2019-01-29,2,22.0,12,1,6.7,-0.4000000000000001,1013.7,989.3,7.466666666666666,13.6,21.3,31.73333333333333,17.266666666666666,-0.9333333333333332,0.11,7.5,0.0,0.0,1.0,0.0,0.0,0.0
2022,2015-04-02,4,22.0,28,4,58.56666666666666,42.56666666666667,1007.65,984.8,9.433333333333334,11.1,16.333333333333332,24.433333333333337,72.5,37.6,0.06,0.0,0.0,1.0,0.0,0.0,1.0,0.0
2000,2017-04-01,6,22.0,22,4,43.7,29.133333333333336,1021.05,997.9666666666668,9.966666666666669,5.4,11.266666666666666,17.5,56.6,33.166666666666664,0.0066666666666666,0.0,0.0,0.0,0.0,0.0,0.0,0.0
1889,2019-03-27,3,22.0,24,3,41.13333333333333,19.433333333333334,1026.7,3.033333333333333,10.0,7.033333333333334,16.0,25.0,58.333333333333336,26.23333333333333,0.0,0.0,0.0,0.0,0.0,0.0,0.0,0.0
1472,2015-03-08,7,22.0,21,3,35.36666666666667,27.8,1021.6,997.8666666666668,10.0,6.333333333333333,10.666666666666666,,44.6,24.4,0.0,2.55,0.0,0.0,1.0,0.0,0.0,0.0
6920,2016-11-09,3,22.0,18,11,50.6,37.23333333333333,1025.95,1002.4333333333334,10.0,7.899999999999999,16.966666666666665,26.5,58.833333333333336,42.13333333333333,0.0033333333333333,0.0,0.0,0.0,0.0,0.0,0.0,0.0
2330,2015-04-16,4,22.0,28,4,53.86666666666667,36.36666666666667,1019.95,996.8666666666668,9.3,6.6000000000000005,11.733333333333334,19.0,67.03333333333335,41.8,0.17,0.0,0.0,1.0,0.0,0.0,0.0,0.0
4629,2016-07-28,4,22.0,18,7,77.03333333333333,66.86666666666667,1011.8,989.7333333333332,9.466666666666669,4.0,13.333333333333334,20.6,86.5,69.16666666666667,0.0,0.0,0.0,1.0,0.0,0.0,1.0,0.0
2975,2016-05-14,6,22.0,24,5,47.3,36.9,1014.2,990.4,9.066666666666668,11.266666666666666,18.3,30.0,63.26666666666667,42.03333333333333,0.5933333333333334,0.0,0.0,1.0,0.0,0.0,0.0,0.0
4915,2016-08-10,3,22.0,21,8,80.43333333333334,65.3,1016.6,994.4666666666668,10.0,3.2,9.666666666666666,,89.66666666666667,68.83333333333333,0.0,0.0,0.0,0.0,0.0,0.0,0.0,0.0
1541,2016-03-10,4,22.0,27,3,49.43333333333334,41.23333333333333,1017.4,993.9666666666668,9.866666666666667,6.933333333333334,12.366666666666667,14.0,60.4,43.9,0.005,0.0,0.0,0.0,0.0,0.0,0.0,0.0
7370,2017-12-01,5,22.0,28,12,40.53333333333334,27.46666666666667,1023.1,999.8,10.0,3.9666666666666655,7.966666666666666,,52.8,27.666666666666668,0.0,0.0,0.0,0.0,0.0,0.0,0.0,0.0
3833,2016-06-22,3,22.0,21,6,71.43333333333334,58.86666666666667,1012.0,989.6666666666666,9.8,5.666666666666667,12.0,18.3,82.8,64.93333333333334,0.0533333333333333,0.0,0.0,1.0,0.0,0.0,1.0,0.0
7580,2016-12-09,5,22.0,19,12,23.23333333333333,15.6,1033.0500000000002,1007.95,9.833333333333334,9.066666666666668,13.333333333333334,18.7,25.666666666666668,20.1,0.005,0.0,0.0,0.0,1.0,0.0,0.0,0.0
5984,2017-09-29,5,22.0,18,9,62.79999999999999,46.86666666666667,1021.0,998.1333333333332,10.0,8.266666666666666,14.666666666666666,20.33333333333333,70.5,56.96666666666667,0.0,0.0,0.0,0.0,0.0,0.0,0.0,0.0
899,2019-02-10,7,22.0,19,2,24.0,16.666666666666668,1034.45,8.133333333333335,8.5,5.366666666666667,10.3,15.0,28.566666666666663,20.4,0.0,1.2,0.0,0.0,1.0,0.0,0.0,0.0
1164,2017-02-22,3,22.0,25,2,56.53333333333333,52.26666666666667,1008.45,986.0666666666666,5.7,7.3,15.6,20.966666666666665,66.60000000000001,48.06666666666666,0.02,0.0,1.0,0.0,0.0,0.0,0.0,0.0
2571,2019-04-27,6,22.0,15,4,43.06666666666666,30.8,1013.0,989.8666666666668,7.466666666666666,7.633333333333334,18.666666666666668,24.45,61.36666666666667,32.666666666666664,0.0166666666666666,1.6,1.0,1.0,1.0,0.0,0.0,0.0
3850,2015-06-24,3,22.0,31,6,70.56666666666666,56.56666666666666,1019.3,996.8333333333334,10.0,4.033333333333333,9.966666666666669,14.95,80.76666666666667,61.46666666666667,0.0,0.0,0.0,0.0,0.0,0.0,0.0,0.0
1780,2015-03-22,7,22.0,18,3,33.5,21.666666666666668,1025.5,1001.4,9.8,8.5,14.0,15.9,49.03333333333333,29.2,0.0,0.0,0.0,0.0,1.0,0.0,0.0,0.0
3012,2017-05-17,3,22.0,23,5,77.8,59.8,1004.4,982.7333333333332,9.9,15.699999999999998,25.73333333333333,36.96666666666667,85.46666666666665,66.53333333333333,0.0,0.0,0.0,0.0,0.0,0.0,0.0,0.0
4793,2019-08-06,2,22.0,30,8,76.3,65.46666666666667,1008.85,987.0333333333332,9.733333333333333,6.433333333333334,12.633333333333333,17.76666666666667,87.53333333333335,68.60000000000001,0.1233333333333333,0.0,0.0,1.0,0.0,0.0,0.0,0.0
6055,2015-10-02,5,22.0,23,10,55.16666666666666,40.66666666666666,1026.65,1003.2,10.0,16.466666666666665,22.03333333333333,28.6,60.76666666666667,51.26666666666667,0.0,0.0,0.0,0.0,0.0,0.0,0.0,0.0
1934,2017-03-29,3,22.0,23,3,41.4,36.13333333333333,1023.1,999.6,6.8,8.733333333333333,15.733333333333334,21.0,50.96666666666667,35.26666666666667,0.0,0.0,1.0,1.0,0.0,0.0,0.0,0.0
4271,2018-07-13,5,22.0,20,7,80.26666666666667,63.63333333333333,1018.35,996.3,9.966666666666669,7.133333333333333,11.333333333333334,16.400000000000002,92.0,68.8,0.0,0.0,0.0,0.0,0.0,0.0,0.0,0.0
3278,2015-05-29,5,22.0,29,5,73.56666666666666,60.96666666666667,1015.55,993.5333333333332,9.533333333333331,8.133333333333333,16.666666666666668,27.0,82.96666666666667,55.0,0.01,0.0,0.0,1.0,0.0,0.0,0.0,0.0
5277,2019-08-28,3,22.0,25,8,68.60000000000001,53.3,1012.4,990.1,10.0,9.7,19.03333333333333,29.73333333333333,77.5,59.06666666666666,0.0,0.0,0.0,0.0,0.0,0.0,0.0,0.0
5945,2015-09-27,7,22.0,37,9,68.33333333333333,58.9,1019.3,996.8666666666668,9.966666666666669,5.666666666666667,7.966666666666666,,75.66666666666667,58.36666666666667,0.0,0.0,0.0,0.0,0.0,0.0,0.0,0.0
3411,2018-06-04,1,22.0,30,6,67.03333333333333,49.06666666666666,1014.45,991.8666666666668,10.0,8.733333333333334,15.333333333333334,22.666666666666668,79.66666666666667,53.5,0.0,0.0,0.0,0.0,0.0,0.0,0.0,0.0
2687,2016-05-01,7,22.0,35,5,46.36666666666667,44.43333333333334,1014.85,991.1333333333332,3.7,9.633333333333333,14.4,19.05,50.23333333333333,43.9,0.4533333333333333,0.0,0.0,1.0,0.0,0.0,0.0,0.0
2158,2016-04-07,4,22.0,21,4,40.46666666666667,34.36666666666667,1004.6,980.0333333333332,8.866666666666667,10.833333333333334,16.7,23.4,47.6,34.300000000000004,0.2299999999999999,0.0,0.0,1.0,1.0,0.0,0.0,0.0
1075,2019-02-18,1,22.0,16,2,26.23333333333333,22.03333333333333,1024.1,997.1,4.966666666666667,5.3,10.666666666666666,,30.366666666666664,22.566666666666663,0.18,3.1,0.0,0.0,1.0,0.0,0.0,0.0
6766,2016-11-02,3,22.0,21,11,63.133333333333326,57.8,1017.3,994.9666666666668,8.233333333333333,3.3000000000000003,10.3,18.1,71.76666666666667,58.1,0.0,0.0,0.0,1.0,0.0,0.0,1.0,0.0
129,2016-01-06,3,22.0,24,1,29.03333333333333,20.5,1027.1999999999998,1003.0,10.0,7.0,11.4,,37.766666666666666,21.1,0.0,1.2,0.0,0.0,0.0,0.0,0.0,0.0
1537,2019-03-11,1,22.0,19,3,32.766666666666666,20.366666666666664,1026.75,2.766666666666667,10.0,8.799999999999999,17.366666666666667,26.666666666666668,42.03333333333333,27.33333333333333,0.0,0.0,0.0,0.0,0.0,0.0,0.0,0.0
2134,2018-04-07,6,22.0,14,4,28.633333333333336,9.266666666666666,1020.75,996.6,10.0,7.933333333333333,14.333333333333334,19.4,38.63333333333333,20.4,0.0,0.0,0.0,0.0,0.0,0.0,0.0,0.0
6578,2017-10-26,4,22.0,24,10,46.13333333333333,37.333333333333336,1009.3,986.2666666666668,10.0,6.733333333333333,16.033333333333335,21.3,59.9,36.03333333333333,0.0,0.0,0.0,0.0,0.0,0.0,0.0,0.0
7282,2017-11-27,1,22.0,20,11,43.9,33.76666666666667,1017.25,993.8666666666668,10.0,3.9333333333333336,8.299999999999999,,56.56666666666666,30.8,0.0,0.0,0.0,0.0,0.0,0.0,0.0,0.0
4775,2015-08-05,3,22.0,24,8,72.73333333333333,56.1,1016.15,993.8333333333334,10.0,4.066666666666666,11.0,14.666666666666666,82.93333333333334,60.36666666666667,0.0,0.0,0.0,0.0,0.0,0.0,0.0,0.0
1362,2018-03-03,6,22.0,23,3,37.0,22.2,1033.35,1009.2333333333332,10.0,5.9,10.7,15.9,44.73333333333333,30.1,0.0,0.0,0.0,0.0,0.0,0.0,0.0,0.0
6810,2016-11-04,5,22.0,27,11,53.333333333333336,44.23333333333333,1029.0,1005.4666666666668,9.933333333333334,3.766666666666667,11.266666666666666,14.0,63.63333333333333,41.93333333333333,0.0,0.0,0.0,0.0,0.0,0.0,0.0,0.0
85,2016-01-04,1,22.0,16,1,27.73333333333333,18.166666666666668,1029.3000000000002,1004.8666666666668,9.766666666666667,9.4,16.366666666666667,23.5,31.33333333333333,23.53333333333333,0.0,1.6,0.0,0.0,1.0,0.0,0.0,0.0
658,2018-01-30,2,22.0,25,1,21.5,11.433333333333332,1031.15,1006.8666666666668,10.0,6.1000000000000005,13.666666666666666,18.45,30.53333333333333,14.433333333333332,0.0,0.0,0.0,0.0,0.0,0.0,0.0,0.0
5940,2019-09-27,5,22.0,27,9,62.56666666666666,50.3,1010.2,987.2333333333332,9.166666666666666,7.533333333333334,17.066666666666666,26.266666666666666,70.76666666666667,55.63333333333333,0.4833333333333333,0.0,0.0,1.0,0.0,0.0,1.0,0.0
701,2019-02-01,5,22.0,20,2,7.5,1.8333333333333333,1028.2,2.833333333333333,6.333333333333333,2.5,5.3,,20.03333333333333,-2.9,0.05,8.1,0.0,0.0,1.0,0.0,0.0,0.0
4929,2015-08-12,3,22.0,25,8,71.2,57.43333333333334,1019.9,997.3666666666668,10.0,3.966666666666667,8.6,17.1,80.10000000000001,61.46666666666667,0.0,0.0,0.0,0.0,0.0,0.0,0.0,0.0
812,2015-02-06,5,22.0,27,2,17.8,9.0,1023.75,999.4,9.933333333333334,8.833333333333334,14.633333333333333,19.7,31.266666666666666,0.0333333333333333,0.0,14.2,0.0,0.0,0.0,0.0,0.0,0.0
2530,2018-04-25,3,22.0,23,4,47.96666666666667,36.5,1018.0,994.7333333333332,9.833333333333334,11.333333333333334,18.03333333333333,25.666666666666668,59.3,42.333333333333336,0.0,0.0,0.0,0.0,0.0,0.0,0.0,0.0
4551,2019-07-26,5,22.0,17,7,74.8,60.96666666666667,1021.1,665.5666666666667,10.0,6.3,13.666666666666666,18.7,84.66666666666667,64.23333333333333,0.0,0.0,0.0,0.0,0.0,0.0,0.0,0.0
681,2016-01-31,7,22.0,16,1,43.3,39.16666666666666,1002.6,979.3333333333334,8.533333333333333,6.966666666666666,13.633333333333333,22.0,49.73333333333333,36.63333333333333,0.0,0.0,0.0,1.0,0.0,0.0,0.0,0.0
7725,2019-12-17,2,22.0,16,12,26.5,19.933333333333334,1020.55,996.2333333333332,9.966666666666669,8.4,15.033333333333331,21.7,31.266666666666666,20.166666666666668,0.0,0.0,0.0,0.0,0.0,0.0,0.0,0.0
4135,2017-07-07,5,22.0,25,7,80.39999999999999,66.7,1010.65,988.6,9.933333333333334,8.1,14.0,18.7,90.46666666666664,72.5,0.0,0.0,0.0,1.0,0.0,0.0,1.0,0.0
3234,2015-05-27,3,22.0,30,5,69.66666666666667,58.9,1012.5,990.1333333333332,9.866666666666667,11.533333333333331,18.73333333333333,25.066666666666663,75.73333333333333,65.10000000000001,0.3066666666666666,0.0,0.0,1.0,0.0,0.0,0.0,0.0
5682,2018-09-15,6,22.0,17,9,71.36666666666666,61.2,1020.65,998.1333333333332,9.766666666666667,4.433333333333334,11.0,,82.76666666666667,61.76666666666667,0.0,0.0,0.0,0.0,0.0,0.0,0.0,0.0
3478,2018-06-07,4,22.0,28,6,72.2,57.8,1013.8,991.4666666666668,10.0,5.933333333333334,12.366666666666667,19.0,80.63333333333334,59.03333333333333,0.0133333333333333,0.0,0.0,0.0,0.0,0.0,0.0,0.0
5016,2017-08-16,3,22.0,19,8,75.39999999999999,64.86666666666666,1014.05,991.7333333333332,9.733333333333334,6.066666666666666,13.3,17.933333333333334,89.66666666666667,66.26666666666667,0.0,0.0,0.0,1.0,0.0,0.0,0.0,0.0
459,2019-01-21,1,22.0,23,1,10.066666666666668,0.1333333333333333,1034.1,8.799999999999999,8.799999999999999,7.133333333333333,13.366666666666667,18.95,15.333333333333334,5.533333333333334,0.0,5.5,0.0,0.0,1.0,0.0,0.0,0.0
4315,2018-07-15,7,22.0,25,7,79.89999999999999,70.83333333333333,1014.5,992.4,8.9,3.733333333333333,9.233333333333334,15.0,90.16666666666669,71.43333333333334,0.1366666666666667,0.0,0.0,0.0,0.0,0.0,0.0,0.0
813,2016-02-06,6,22.0,24,2,30.866666666666664,23.166666666666668,1025.85,1001.6666666666666,9.033333333333331,6.8,14.0,17.45,41.36666666666667,24.33333333333333,0.0,0.0,0.0,0.0,0.0,0.0,0.0,0.0
6842,2019-11-07,4,22.0,19,11,30.2,19.866666666666667,1030.45,5.5,9.0,10.633333333333333,15.333333333333334,21.96666666666667,38.93333333333334,24.433333333333334,0.005,0.0,0.0,1.0,1.0,0.0,0.0,0.0
1098,2015-02-19,4,22.0,9,2,-0.1,-14.4,1028.5,1002.4333333333334,9.633333333333333,10.866666666666667,16.0,21.933333333333334,10.033333333333331,-6.366666666666667,0.0,4.1,0.0,0.0,1.0,0.0,0.0,0.0
1032,2015-02-16,1,22.0,16,2,11.166666666666666,-4.133333333333334,1026.4,1001.8333333333334,9.9,4.066666666666666,8.299999999999999,,17.3,-0.9666666666666668,0.01,4.1,0.0,0.0,1.0,0.0,0.0,0.0
5021,2018-08-16,4,22.0,30,8,76.56666666666666,68.26666666666667,1012.7,990.5666666666666,9.333333333333334,3.7000000000000006,11.0,18.1,85.76666666666667,71.60000000000001,0.0466666666666666,0.0,0.0,0.0,0.0,0.0,0.0,0.0
6116,2019-10-05,6,22.0,21,10,54.8,46.3,1021.75,665.2333333333332,9.7,7.333333333333333,12.333333333333334,17.3,64.26666666666667,46.46666666666667,0.0433333333333333,0.0,0.0,1.0,0.0,0.0,0.0,0.0
3278,2018-05-29,2,22.0,31,5,76.13333333333333,61.76666666666666,1011.7,989.6,10.0,4.466666666666666,9.233333333333334,19.0,93.96666666666664,67.16666666666667,0.0,0.0,0.0,0.0,0.0,0.0,0.0,0.0
7074,2016-11-16,3,22.0,29,11,47.66666666666666,42.23333333333333,1012.95,989.7666666666668,7.5,2.6333333333333333,7.333333333333333,,60.4,37.4,0.0,0.0,0.0,0.0,0.0,0.0,0.0,0.0
438,2017-01-20,5,22.0,27,1,38.86666666666667,38.0,1005.6,982.1,2.566666666666667,5.566666666666666,11.666666666666666,22.0,43.0,34.56666666666667,0.6633333333333333,0.0,0.0,1.0,0.0,0.0,0.0,0.0
4954,2018-08-13,1,22.0,20,8,76.0,62.5,1018.0,995.8666666666668,8.700000000000001,2.7,9.0,,88.2,64.93333333333334,0.0,0.0,0.0,0.0,0.0,0.0,0.0,0.0
6402,2017-10-18,3,22.0,22,10,58.4,42.0,1019.9,997.2333333333332,10.0,9.9,18.066666666666663,24.33333333333333,70.66666666666667,47.333333333333336,0.0,0.0,0.0,0.0,0.0,0.0,0.0,0.0
3300,2015-05-30,6,22.0,26,5,65.06666666666666,59.6,1014.5,992.1333333333332,8.566666666666666,8.833333333333334,21.0,29.633333333333336,82.33333333333333,47.4,0.2366666666666666,0.0,0.0,1.0,0.0,0.0,0.0,0.0
6776,2017-11-04,6,22.0,31,11,45.1,40.63333333333333,1020.7,995.6666666666666,6.6000000000000005,7.666666666666667,15.3,21.0,48.8,42.1,0.08,0.0,1.0,1.0,0.0,0.0,1.0,0.0
2176,2015-04-09,4,22.0,23,4,53.16666666666666,49.86666666666667,1007.65,984.8666666666668,4.7,8.9,19.03333333333333,29.33333333333333,72.8,41.36666666666667,0.1066666666666666,0.0,0.0,1.0,0.0,0.0,1.0,0.0
1960,2016-03-29,2,22.0,25,3,43.86666666666667,31.0,1024.95,1001.3666666666668,9.033333333333331,3.8,10.966666666666669,19.0,58.53333333333333,31.633333333333336,0.0,0.0,0.0,0.0,0.0,0.0,0.0,0.0
2396,2015-04-19,7,22.0,21,4,56.2,36.266666666666666,1009.7,986.6,9.5,8.533333333333333,15.366666666666667,22.05,69.73333333333333,47.16666666666666,0.08,0.0,0.0,1.0,0.0,0.0,0.0,0.0
5308,2018-08-29,3,22.0,26,8,71.8,66.7,1014.3,992.2333333333332,8.833333333333334,7.033333333333334,22.03333333333333,30.7,85.33333333333333,66.66666666666667,1.0633333333333332,0.0,0.0,1.0,0.0,0.0,1.0,0.0
3937,2017-06-28,3,22.0,13,6,67.93333333333334,51.133333333333326,1014.15,991.8,9.866666666666667,10.533333333333331,22.73333333333333,29.33333333333333,81.8,55.9,0.0,0.0,0.0,1.0,0.0,0.0,0.0,0.0
6292,2019-10-13,7,22.0,25,10,47.23333333333333,33.03333333333333,1010.5,987.5,10.0,11.3,19.03333333333333,27.633333333333336,56.0,37.766666666666666,0.0,0.0,0.0,0.0,0.0,0.0,0.0,0.0
3673,2017-06-16,5,22.0,21,6,76.56666666666666,61.4,1008.4,986.7666666666668,9.933333333333334,8.166666666666666,20.4,28.366666666666664,89.06666666666666,66.53333333333335,0.1133333333333333,0.0,0.0,1.0,0.0,0.0,0.0,0.0
4073,2018-07-04,3,22.0,28,7,82.56666666666668,73.23333333333333,1020.85,998.8333333333334,9.866666666666667,5.666666666666667,11.3,17.6,91.26666666666668,70.66666666666667,0.0,0.0,0.0,0.0,0.0,0.0,0.0,0.0
6820,2019-11-06,3,22.0,29,11,39.36666666666667,26.0,1026.3,2.533333333333333,10.0,7.166666666666667,18.3,27.96666666666667,56.7,29.03333333333333,0.0,0.0,0.0,0.0,1.0,0.0,0.0,0.0
790,2017-02-05,7,22.0,26,2,33.333333333333336,18.1,1015.05,991.4,10.0,10.033333333333331,17.666666666666668,23.666666666666668,40.4,22.73333333333333,0.0,0.0,0.0,0.0,0.0,0.0,0.0,0.0
2617,2015-04-29,3,22.0,27,4,49.76666666666667,34.7,1014.4,991.3,10.0,4.933333333333334,13.033333333333331,17.0,61.7,35.233333333333334,0.0,0.0,0.0,0.0,0.0,0.0,0.0,0.0
5466,2016-09-04,7,22.0,23,9,69.46666666666667,58.46666666666667,1021.05,998.5333333333332,10.0,5.5,11.633333333333333,16.05,79.8,58.4,0.0,0.0,0.0,0.0,0.0,0.0,0.0,0.0
6590,2016-10-25,2,22.0,24,10,45.9,37.2,1029.95,1006.4333333333334,9.966666666666669,4.2,9.933333333333334,,54.56666666666666,37.36666666666667,0.0,0.0,0.0,1.0,0.0,0.0,0.0,0.0
4067,2019-07-04,4,22.0,32,7,78.2,69.5,1012.85,990.7999999999998,9.2,5.766666666666667,11.0,17.6,90.4,69.33333333333333,0.1399999999999999,0.0,0.0,0.0,0.0,0.0,0.0,0.0
6028,2017-10-01,7,22.0,20,10,59.06666666666666,42.03333333333333,1024.35,1000.8,10.0,7.266666666666666,12.666666666666666,18.55,71.5,48.2,0.0,0.0,0.0,0.0,0.0,0.0,0.0,0.0
746,2017-02-03,5,22.0,16,2,20.03333333333333,4.366666666666666,1031.15,1006.1,10.0,9.333333333333334,13.666666666666666,22.0,28.8,14.5,0.0,0.0,0.0,0.0,0.0,0.0,0.0,0.0
4673,2016-07-30,6,22.0,24,7,72.63333333333334,65.66666666666667,1013.65,991.3333333333334,9.833333333333334,6.966666666666666,12.033333333333331,14.0,79.0,68.96666666666665,0.1466666666666666,0.0,0.0,0.0,0.0,0.0,0.0,0.0
4977,2018-08-14,2,22.0,31,8,78.06666666666666,61.16666666666666,1014.8,992.7000000000002,9.6,3.5666666666666664,8.9,14.0,88.96666666666665,65.16666666666667,0.0,0.0,0.0,0.0,0.0,0.0,0.0,0.0
63,2015-01-03,6,22.0,20,1,32.6,28.166666666666668,1017.6,993.2,5.133333333333334,4.266666666666667,7.966666666666666,,35.36666666666667,16.8,0.0633333333333333,0.0,0.0,1.0,1.0,0.0,0.0,0.0
5923,2015-09-26,6,22.0,24,9,67.43333333333334,57.7,1023.2,1000.4,9.766666666666667,6.466666666666666,12.033333333333331,14.0,75.66666666666667,58.36666666666667,0.0,0.0,0.0,0.0,0.0,0.0,0.0,0.0
6606,2018-10-27,6,22.0,26,10,48.63333333333333,39.5,1010.65,987.4,9.866666666666667,4.5,9.566666666666668,14.0,53.333333333333336,41.93333333333334,0.0,0.0,0.0,1.0,0.0,0.0,0.0,0.0
7558,2016-12-08,4,22.0,24,12,21.8,13.5,1024.85,1000.0,9.866666666666667,15.4,20.33333333333333,29.266666666666666,26.73333333333333,17.7,0.0,0.0,0.0,0.0,1.0,0.0,0.0,0.0
7774,2018-12-19,3,22.0,15,12,38.63333333333333,30.0,1013.3,989.9333333333334,10.0,8.666666666666666,14.633333333333333,22.03333333333333,49.333333333333336,28.766666666666666,0.0,0.0,0.0,0.0,0.0,0.0,0.0,0.0
2684,2018-05-02,3,22.0,26,5,76.3,52.6,1011.4,989.4666666666668,10.0,14.366666666666667,24.666666666666668,40.73333333333333,86.73333333333333,63.86666666666667,0.0,0.0,0.0,1.0,0.0,0.0,1.0,0.0
4969,2019-08-14,3,22.0,24,8,72.86666666666667,66.56666666666666,1012.35,989.9666666666668,9.433333333333334,4.366666666666666,14.7,19.05,84.89999999999999,64.86666666666666,0.1433333333333333,0.0,0.0,1.0,0.0,0.0,0.0,0.0
6524,2016-10-22,6,22.0,27,10,46.6,33.36666666666667,1019.35,995.9333333333334,10.0,5.733333333333333,11.733333333333334,15.45,60.333333333333336,36.23333333333333,0.0133333333333333,0.0,0.0,0.0,0.0,0.0,0.0,0.0
3759,2019-06-20,4,22.0,20,6,59.26666666666667,56.833333333333336,1005.2,982.2,6.966666666666666,9.4,14.0,18.55,68.3,54.86666666666667,0.6133333333333334,0.0,0.0,1.0,0.0,0.0,0.0,0.0
4841,2015-08-08,6,22.0,26,8,75.93333333333334,62.46666666666667,1011.65,989.5666666666666,10.0,6.3,10.366666666666667,15.9,83.93333333333334,63.333333333333336,0.0,0.0,0.0,0.0,0.0,0.0,0.0,0.0
2506,2017-04-24,1,22.0,23,4,56.2,36.333333333333336,1015.2,992.1333333333332,9.8,5.8,12.0,15.45,72.56666666666666,38.1,0.0,0.0,0.0,0.0,0.0,0.0,0.0,0.0
5418,2018-09-03,1,22.0,28,9,77.46666666666665,69.23333333333333,1019.75,997.7,9.4,5.8,15.666666666666666,23.366666666666664,87.46666666666665,71.03333333333333,0.3699999999999999,0.0,0.0,1.0,0.0,0.0,1.0,0.0
5123,2019-08-21,3,22.0,32,8,72.93333333333334,67.3,1013.6,991.2333333333332,9.133333333333333,4.233333333333333,13.333333333333334,20.0,83.63333333333334,63.3,0.21,0.0,0.0,1.0,0.0,0.0,0.0,0.0
6033,2015-10-01,4,22.0,38,10,55.73333333333333,41.833333333333336,1025.1,1001.8666666666668,10.0,14.533333333333331,22.366666666666664,29.33333333333333,61.76666666666667,51.86666666666667,0.0,0.0,0.0,0.0,0.0,0.0,0.0,0.0
2798,2016-05-06,5,22.0,20,5,58.56666666666666,41.03333333333333,1013.8,990.9666666666668,9.933333333333334,4.566666666666667,11.1,17.066666666666666,81.23333333333333,41.6,0.0,0.0,0.0,0.0,0.0,0.0,0.0,0.0
394,2018-01-18,4,22.0,21,1,21.0,12.3,1022.25,998.1666666666666,9.966666666666669,14.1,18.7,26.03333333333333,31.76666666666667,11.733333333333334,0.0,1.6,0.0,0.0,0.0,0.0,0.0,0.0
7546,2017-12-09,6,22.0,16,12,29.4,20.133333333333336,1011.15,985.8333333333334,7.766666666666667,11.633333333333333,19.3,26.7,33.300000000000004,24.066666666666663,0.025,1.2,0.0,0.0,1.0,0.0,0.0,0.0
4466,2017-07-22,6,22.0,19,7,77.3,69.60000000000001,1008.7,987.2666666666668,8.766666666666667,7.433333333333333,19.4,26.0,87.23333333333333,71.33333333333333,1.6966666666666663,0.0,0.0,1.0,0.0,0.0,1.0,0.0
6908,2017-11-10,5,22.0,29,11,25.2,11.566666666666668,1033.9,1009.3666666666668,9.533333333333331,8.4,15.733333333333334,22.100000000000005,33.86666666666667,19.7,0.0,0.0,0.0,0.0,1.0,0.0,0.0,0.0
2308,2017-04-15,6,22.0,34,4,69.10000000000001,56.56666666666666,1014.75,992.5666666666666,9.733333333333334,13.066666666666668,24.03333333333333,34.333333333333336,81.23333333333333,56.13333333333333,0.0966666666666666,0.0,0.0,1.0,0.0,0.0,0.0,0.0
5267,2016-08-26,5,22.0,28,8,73.0,63.9,1019.2,996.6666666666666,9.966666666666669,4.1000000000000005,8.9,,81.63333333333334,66.13333333333334,0.0499999999999999,0.0,0.0,0.0,0.0,0.0,0.0,0.0
791,2016-02-05,5,22.0,18,2,29.2,21.33333333333333,1027.05,1002.8333333333334,9.666666666666666,5.9,10.6,,33.86666666666667,23.666666666666668,0.0,0.0,0.0,0.0,0.0,0.0,0.0,0.0
4907,2015-08-11,2,22.0,36,8,72.96666666666667,62.73333333333333,1014.9,992.5,9.166666666666666,5.766666666666667,13.0,17.6,84.8,65.16666666666667,0.09,0.0,0.0,0.0,0.0,0.0,0.0,0.0
1737,2018-03-20,2,22.0,22,3,33.2,23.066666666666663,1013.0,989.0,10.0,15.5,19.7,26.366666666666664,40.73333333333333,28.3,0.0,0.0,0.0,0.0,0.0,0.0,0.0,0.0
8020,2016-12-29,4,22.0,12,12,34.233333333333334,26.23333333333333,1010.35,986.9333333333334,9.933333333333334,13.4,21.066666666666663,30.266666666666666,41.43333333333333,26.766666666666666,0.0,0.0,0.0,0.0,1.0,0.0,0.0,0.0
2813,2019-05-08,3,22.0,19,5,52.333333333333336,41.26666666666667,1019.05,995.6666666666666,10.0,10.7,16.733333333333334,24.7,72.06666666666666,43.9,0.0533333333333333,0.0,0.0,1.0,0.0,0.0,0.0,0.0
129,2015-01-06,2,22.0,20,1,7.633333333333333,1.1666666666666667,1029.15,1004.2,7.033333333333334,7.966666666666666,18.0,25.066666666666663,11.1,-2.9,0.1033333333333333,2.55,0.0,0.0,1.0,0.0,0.0,0.0
2241,2019-04-12,5,22.0,31,4,50.1,37.26666666666667,1004.8,981.3,9.233333333333333,14.333333333333334,25.933333333333334,38.63333333333333,60.13333333333333,40.63333333333333,0.3366666666666666,0.0,0.0,1.0,0.0,0.0,1.0,0.0
4243,2019-07-12,5,22.0,22,7,72.26666666666667,57.7,1014.25,991.9333333333334,9.933333333333334,4.066666666666666,9.566666666666668,14.5,86.5,59.26666666666667,0.0,0.0,0.0,0.0,0.0,0.0,0.0,0.0
526,2017-01-24,2,22.0,19,1,37.73333333333333,33.166666666666664,1010.95,987.4,9.8,5.366666666666667,8.933333333333334,,41.9,35.666666666666664,0.0,0.0,0.0,0.0,0.0,0.0,0.0,0.0
3957,2019-06-29,6,22.0,27,6,78.9,67.83333333333333,1017.8,995.6333333333332,10.0,3.6,9.666666666666666,15.9,88.06666666666666,69.56666666666666,0.1533333333333333,0.0,0.0,0.0,0.0,0.0,0.0,0.0
2423,2016-04-19,2,22.0,25,4,54.76666666666667,40.96666666666667,1022.85,999.6666666666666,10.0,7.666666666666667,12.933333333333332,15.55,76.26666666666667,46.2,0.0,0.0,0.0,0.0,0.0,0.0,0.0,0.0
7898,2017-12-25,1,22.0,12,12,16.433333333333334,8.733333333333333,1023.25,998.6,8.966666666666667,12.166666666666666,17.666666666666668,23.7,21.5,10.8,0.135,1.6,0.0,0.0,1.0,0.0,0.0,0.0
2266,2018-04-13,5,22.0,34,4,44.86666666666667,39.3,1006.45,983.3666666666668,9.466666666666669,8.666666666666666,16.0,21.066666666666663,54.333333333333336,40.53333333333333,0.025,0.0,0.0,1.0,0.0,0.0,0.0,0.0
2198,2017-04-10,1,22.0,25,4,67.8,54.43333333333334,1006.7,985.0333333333332,9.766666666666666,15.233333333333334,21.633333333333336,34.06666666666667,76.0,54.96666666666667,0.1433333333333333,0.0,0.0,1.0,0.0,0.0,1.0,0.0
7788,2017-12-20,3,22.0,17,12,34.666666666666664,20.03333333333333,1020.1,996.3333333333334,10.0,7.833333333333333,11.633333333333333,17.1,45.46666666666667,29.133333333333336,0.0,0.0,0.0,0.0,0.0,0.0,0.0,0.0
5725,2015-09-17,4,22.0,28,9,72.13333333333334,58.1,1016.45,994.3333333333334,10.0,9.133333333333333,19.933333333333334,30.3,85.39999999999999,57.5,0.0,0.0,0.0,1.0,0.0,0.0,1.0,0.0
7113,2018-11-19,1,22.0,15,11,27.866666666666664,22.766666666666666,1020.3,996.3333333333334,8.700000000000001,5.3,9.566666666666668,,34.53333333333333,22.166666666666668,0.01,0.0,0.0,0.0,0.0,0.0,0.0,0.0
571,2016-01-26,2,22.0,27,1,33.36666666666667,28.33333333333333,1012.2,988.3333333333334,7.733333333333333,14.9,23.0,31.566666666666663,41.96666666666667,27.066666666666663,0.105,0.0,0.0,1.0,1.0,0.0,0.0,0.0
2533,2016-04-24,7,22.0,30,4,57.26666666666667,43.03333333333333,1015.4,992.4666666666668,10.0,6.666666666666667,13.333333333333334,18.73333333333333,78.46666666666665,42.06666666666666,0.0,0.0,0.0,0.0,0.0,0.0,0.0,0.0
7525,2019-12-08,7,22.0,22,12,38.5,31.33333333333333,1016.65,992.8666666666668,9.3,10.2,15.7,25.633333333333336,47.76666666666667,30.46666666666667,0.0,0.0,0.0,0.0,0.0,0.0,0.0,0.0
7810,2017-12-21,4,22.0,16,12,34.833333333333336,25.03333333333333,1017.7,994.0666666666666,10.0,6.5,10.366666666666667,,40.16666666666666,29.666666666666668,0.0,0.0,0.0,0.0,0.0,0.0,0.0,0.0
5836,2018-09-22,6,22.0,30,9,59.76666666666667,44.03333333333333,1024.7,1001.5333333333332,10.0,9.766666666666666,16.066666666666666,21.7,66.36666666666666,53.6,0.0,0.0,0.0,0.0,0.0,0.0,0.0,0.0
7844,2016-12-21,3,22.0,24,12,26.1,18.966666666666665,1020.3,996.3,9.933333333333334,7.399999999999999,15.033333333333331,16.05,35.6,17.099999999999998,0.0,4.1,0.0,0.0,0.0,0.0,0.0,0.0
6864,2017-11-08,3,22.0,35,11,37.5,27.8,1027.35,1003.3333333333334,9.933333333333334,4.033333333333333,9.633333333333333,,46.73333333333333,27.53333333333333,0.0,0.0,0.0,0.0,0.0,0.0,0.0,0.0
3283,2016-05-28,6,22.0,26,5,73.7,64.53333333333335,1010.95,989.1666666666666,9.866666666666667,12.166666666666666,20.33333333333333,30.7,81.86666666666667,67.39999999999999,0.135,0.0,0.0,1.0,0.0,0.0,0.0,0.0
7316,2016-11-27,7,22.0,20,11,37.96666666666667,35.13333333333333,1018.6,994.9333333333334,6.266666666666667,7.666666666666667,11.1,16.05,44.43333333333334,33.03333333333333,0.0,0.0,0.0,0.0,0.0,0.0,0.0,0.0
2926,2018-05-13,7,22.0,18,5,53.3,49.56666666666666,1017.0,994.0666666666666,7.266666666666667,6.566666666666666,13.6,25.1,66.96666666666667,46.3,0.8933333333333334,0.0,0.0,1.0,0.0,0.0,1.0,0.0
3693,2019-06-17,1,22.0,24,6,58.86666666666667,54.56666666666666,1014.65,991.6333333333332,8.200000000000001,5.666666666666667,10.7,,66.96666666666667,54.86666666666667,0.0533333333333333,0.0,0.0,0.0,0.0,0.0,0.0,0.0
2313,2016-04-14,4,22.0,18,4,48.63333333333333,28.8,1024.75,1001.2666666666668,10.0,6.866666666666667,10.7,14.0,61.53333333333333,36.66666666666666,0.0,0.0,0.0,0.0,0.0,0.0,0.0,0.0
5620,2016-09-11,7,22.0,26,9,65.03333333333333,52.4,1020.3,997.6,10.0,4.3,9.566666666666668,19.0,75.66666666666667,52.76666666666667,0.0133333333333333,0.0,0.0,0.0,0.0,0.0,0.0,0.0
2486,2018-04-23,1,22.0,20,4,49.63333333333333,30.7,1022.4,998.9333333333334,10.0,8.799999999999999,14.0,15.9,59.96666666666667,41.56666666666667,0.0,0.0,0.0,0.0,0.0,0.0,0.0,0.0
1318,2018-03-01,4,22.0,26,3,38.66666666666666,34.86666666666667,1011.9,987.9666666666668,7.1000000000000005,10.833333333333334,19.03333333333333,27.33333333333333,47.43333333333334,36.7,0.2266666666666666,0.0,0.0,1.0,0.0,0.0,0.0,0.0
6490,2019-10-22,2,22.0,24,10,50.333333333333336,39.6,1001.6,986.8666666666668,9.933333333333334,15.0,21.33333333333333,33.0,62.06666666666667,46.36666666666667,0.0533333333333333,0.0,0.0,1.0,0.0,0.0,0.0,0.0
2202,2016-04-09,6,22.0,22,4,30.5,15.466666666666669,1021.75,996.9333333333334,9.666666666666666,11.133333333333333,19.33333333333333,30.03333333333333,38.16666666666666,23.0,0.0633333333333333,1.2,0.0,0.0,1.0,0.0,0.0,0.0
3545,2018-06-10,7,22.0,19,6,64.5,62.56666666666666,1011.55,988.9,4.033333333333333,5.366666666666667,12.7,21.3,74.73333333333333,58.53333333333333,0.6333333333333334,0.0,0.0,1.0,0.0,0.0,1.0,0.0
1430,2016-03-05,6,22.0,35,3,33.800000000000004,27.8,1019.3,995.2,6.466666666666666,7.833333333333333,12.7,18.95,39.36666666666667,25.6,0.05,1.2,0.0,0.0,1.0,0.0,0.0,0.0
3607,2017-06-13,2,22.0,30,6,79.63333333333334,63.36666666666667,1013.2,991.1666666666666,10.0,5.866666666666667,14.633333333333333,24.0,92.76666666666668,68.60000000000001,0.0133333333333333,0.0,0.0,1.0,0.0,0.0,1.0,0.0
4155,2019-07-08,1,22.0,23,7,71.63333333333333,55.833333333333336,1017.0,994.4666666666668,10.0,5.266666666666667,11.966666666666669,14.0,82.66666666666667,62.833333333333336,0.0,0.0,0.0,0.0,0.0,0.0,0.0,0.0
7968,2019-12-28,6,22.0,24,12,34.5,30.933333333333334,1023.2,665.4666666666667,6.0,4.766666666666667,10.7,14.0,45.26666666666667,27.2,0.0,0.0,0.0,0.0,0.0,0.0,0.0,0.0
1806,2016-03-22,2,22.0,16,3,49.5,31.4,1010.0,987.0666666666666,10.0,11.466666666666669,19.7,26.33333333333333,65.36666666666667,40.1,0.0,0.0,0.0,0.0,0.0,0.0,0.0,0.0
482,2017-01-22,7,22.0,14,1,42.1,39.56666666666667,1002.7,979.5,4.633333333333334,4.0,8.933333333333334,,53.53333333333333,36.8,0.0,0.0,1.0,1.0,0.0,0.0,0.0,0.0
4932,2018-08-12,7,22.0,25,8,77.60000000000001,60.16666666666666,1018.0,995.7666666666668,9.933333333333334,4.233333333333333,11.7,14.95,87.03333333333335,66.5,0.0,0.0,0.0,0.0,0.0,0.0,0.0,0.0
41,2019-01-02,3,22.0,21,1,28.866666666666664,25.7,1022.7,665.7333333333333,7.033333333333334,5.7,15.6,22.3,32.5,27.166666666666668,0.005,0.0,0.0,1.0,1.0,0.0,0.0,0.0
4577,2015-07-27,1,22.0,17,7,77.93333333333334,63.36666666666667,1014.35,992.0666666666666,9.533333333333331,6.0,13.333333333333334,17.666666666666668,88.73333333333333,66.33333333333333,0.0,0.0,0.0,0.0,0.0,0.0,0.0,0.0
921,2019-02-11,1,22.0,20,2,28.866666666666664,26.2,1021.85,997.5333333333332,5.666666666666667,6.233333333333334,12.633333333333333,17.5,31.633333333333336,25.3,0.04,1.2,0.0,1.0,1.0,0.0,0.0,0.0
7052,2016-11-15,2,22.0,26,11,46.66666666666666,42.46666666666667,1011.8,988.8,6.566666666666666,2.2666666666666666,6.666666666666667,,58.4,37.03333333333333,0.0,0.0,1.0,0.0,0.0,0.0,0.0,0.0
2549,2019-04-26,5,22.0,21,4,55.6,38.7,1007.6,984.4333333333334,9.766666666666666,12.9,21.0,31.666666666666668,65.23333333333333,47.93333333333334,0.0999999999999999,0.0,0.0,1.0,0.0,0.0,0.0,0.0
7353,2015-11-30,1,22.0,19,11,40.23333333333333,30.0,1022.7,998.9666666666668,9.933333333333334,8.299999999999999,12.633333333333333,15.55,45.36666666666667,27.8,0.0033333333333333,0.0,0.0,1.0,0.0,0.0,0.0,0.0
6798,2019-11-05,2,22.0,14,11,38.36666666666667,26.666666666666668,1023.1,332.8,10.0,8.166666666666666,14.933333333333332,23.33333333333333,48.43333333333334,31.166666666666668,0.0,0.0,0.0,0.0,0.0,0.0,0.0,0.0
3737,2019-06-19,3,22.0,20,6,66.0,58.53333333333333,1008.45,986.0333333333332,8.566666666666666,4.9,12.366666666666667,16.05,75.93333333333334,55.76666666666667,0.0,0.0,0.0,1.0,0.0,0.0,0.0,0.0
5592,2015-09-11,5,22.0,19,9,62.13333333333333,56.833333333333336,1014.05,991.3333333333334,9.333333333333334,6.333333333333333,17.366666666666667,24.03333333333333,75.36666666666667,55.36666666666667,0.1999999999999999,0.0,0.0,1.0,0.0,0.0,0.0,0.0
3589,2018-06-12,2,22.0,27,6,70.43333333333334,66.53333333333333,1011.45,989.3,7.399999999999999,5.533333333333334,9.233333333333334,,80.33333333333333,64.16666666666667,0.0133333333333333,0.0,0.0,0.0,0.0,0.0,0.0,0.0
5302,2017-08-29,2,22.0,22,8,68.36666666666667,62.56666666666666,1016.5,993.9,8.066666666666666,3.6666666666666665,9.633333333333333,,77.13333333333334,61.06666666666666,0.09,0.0,0.0,1.0,0.0,0.0,0.0,0.0
5742,2017-09-18,1,22.0,18,9,68.60000000000001,57.13333333333333,1018.2,995.5666666666666,10.0,6.4,11.7,16.5,80.60000000000001,57.73333333333333,0.0,0.0,0.0,0.0,0.0,0.0,0.0,0.0
3387,2017-06-03,6,22.0,23,6,73.26666666666667,48.9,1015.5,993.1666666666666,10.0,4.866666666666667,13.333333333333334,15.9,85.7,56.333333333333336,0.0,0.0,0.0,0.0,0.0,0.0,0.0,0.0
2616,2017-04-29,6,22.0,23,4,45.63333333333333,39.63333333333333,1018.55,995.1333333333332,8.233333333333333,13.033333333333331,20.966666666666665,30.0,54.333333333333336,40.4,0.0999999999999999,0.0,0.0,1.0,0.0,0.0,1.0,0.0
593,2016-01-27,3,22.0,14,1,28.066666666666663,17.233333333333334,1022.85,998.7666666666668,10.0,9.466666666666669,15.666666666666666,22.366666666666664,34.800000000000004,23.73333333333333,0.0066666666666666,0.0,0.0,0.0,1.0,0.0,0.0,0.0
5874,2017-09-24,7,22.0,25,9,80.36666666666666,64.2,1016.9,994.8333333333334,9.866666666666667,4.7,10.7,16.55,92.53333333333336,69.26666666666667,0.0,0.0,0.0,0.0,0.0,0.0,0.0,0.0
591,2015-01-27,2,22.0,27,1,27.83333333333333,22.0,1019.2,993.9666666666668,6.733333333333333,5.266666666666667,9.333333333333334,,32.06666666666667,16.933333333333334,0.055,1.2,0.0,1.0,1.0,0.0,0.0,0.0
1912,2015-03-28,6,22.0,25,3,27.633333333333336,10.233333333333333,1026.1,1001.6666666666666,10.0,5.733333333333333,11.7,16.5,35.766666666666666,20.266666666666666,0.0033333333333333,1.2,0.0,0.0,0.0,0.0,0.0,0.0
4910,2018-08-11,6,22.0,16,8,77.23333333333333,63.2,1014.6,992.4,10.0,5.0,11.666666666666666,14.0,87.63333333333333,67.76666666666667,0.0,0.0,0.0,0.0,0.0,0.0,0.0,0.0
3276,2017-05-29,1,22.0,25,5,68.66666666666667,49.16666666666666,1008.25,986.1333333333332,10.0,9.5,21.33333333333333,30.366666666666664,77.53333333333333,57.36666666666667,0.005,0.0,0.0,0.0,0.0,0.0,0.0,0.0
2442,2018-04-21,6,22.0,14,4,46.1,22.53333333333333,1030.7,1007.0666666666666,10.0,2.833333333333333,8.9,,55.6,36.8,0.0,0.0,0.0,0.0,0.0,0.0,0.0,0.0
2329,2019-04-16,2,22.0,29,4,56.7,42.86666666666667,1013.6,990.6666666666666,10.0,9.0,16.400000000000002,20.33333333333333,73.83333333333333,47.53333333333333,0.0,3.1,0.0,1.0,0.0,0.0,0.0,0.0
6820,2017-11-06,1,22.0,19,11,41.9,33.56666666666666,1021.35,997.0,10.0,8.833333333333334,16.400000000000002,24.1,50.96666666666667,33.333333333333336,0.01,0.0,0.0,0.0,0.0,0.0,0.0,0.0
591,2019-01-27,7,22.0,13,1,4.833333333333333,-1.6333333333333335,1020.1,994.6666666666666,8.433333333333334,5.166666666666667,10.7,16.05,12.666666666666666,-5.866666666666667,0.045,5.9,0.0,0.0,1.0,0.0,0.0,0.0
2947,2015-05-14,4,22.0,26,5,52.76666666666667,39.3,1026.85,1003.5666666666666,10.0,8.266666666666666,13.666666666666666,19.33333333333333,66.8,41.36666666666667,0.0,0.0,0.0,1.0,0.0,0.0,0.0,0.0
6446,2019-10-20,7,22.0,19,10,55.96666666666667,48.53333333333333,1010.3,988.3333333333334,9.5,4.1000000000000005,8.6,,64.63333333333334,48.56666666666666,0.0,0.0,0.0,1.0,0.0,0.0,0.0,0.0
5631,2019-09-13,5,22.0,33,9,74.23333333333333,66.9,1015.7,993.2333333333332,9.466666666666669,9.433333333333332,19.7,29.0,79.73333333333333,68.0,0.6900000000000001,0.0,0.0,1.0,0.0,0.0,1.0,0.0
7437,2019-12-04,3,22.0,28,12,36.833333333333336,28.866666666666664,1004.7,981.4,10.0,10.333333333333334,18.3,27.96666666666667,43.66666666666666,30.73333333333333,0.0,0.0,0.0,0.0,0.0,0.0,0.0,0.0
6402,2019-10-18,5,22.0,19,10,46.7,38.46666666666667,1017.3,994.0333333333332,9.633333333333333,3.8,10.366666666666667,18.55,59.5,36.3,0.0,0.0,0.0,0.0,0.0,0.0,0.0,0.0
6187,2015-10-08,4,22.0,29,10,62.4,52.3,1016.6,994.0,9.966666666666669,6.766666666666667,15.033333333333331,20.666666666666668,78.10000000000001,50.6,0.0,0.0,0.0,0.0,0.0,0.0,0.0,0.0
4510,2017-07-24,1,22.0,23,7,70.96666666666665,60.333333333333336,1013.95,991.4666666666666,10.0,8.700000000000001,14.366666666666667,19.7,75.13333333333334,67.33333333333333,0.08,0.0,0.0,0.0,0.0,0.0,0.0,0.0
6050,2019-10-02,3,22.0,20,10,67.7,63.46666666666667,1011.65,989.4666666666668,7.599999999999999,7.266666666666667,12.7,19.933333333333334,82.63333333333334,59.2,0.03,0.0,0.0,1.0,0.0,0.0,0.0,0.0
217,2015-01-10,6,22.0,21,1,5.833333333333333,-2.8000000000000003,1031.1,1006.0,10.0,10.7,16.933333333333334,21.666666666666668,19.8,-2.9,0.0,2.95,0.0,0.0,0.0,0.0,0.0,0.0
2662,2018-05-01,2,22.0,37,5,70.66666666666667,39.7,1014.2,991.9333333333334,10.0,12.8,20.33333333333333,28.933333333333334,85.2,56.16666666666666,0.0,0.0,0.0,0.0,0.0,0.0,0.0,0.0
2219,2019-04-11,4,22.0,31,4,45.13333333333333,35.666666666666664,1008.05,985.0666666666666,10.0,15.266666666666666,19.7,30.366666666666664,61.16666666666666,37.4,0.095,0.0,0.0,1.0,0.0,0.0,0.0,0.0
3715,2019-06-18,2,22.0,19,6,63.6,57.4,1013.8,991.5333333333332,6.5,3.033333333333333,7.333333333333333,,77.5,55.3,0.0,0.0,1.0,0.0,0.0,0.0,0.0,0.0
5321,2019-08-30,5,22.0,17,8,70.10000000000001,54.93333333333334,1016.6,994.2333333333332,10.0,5.533333333333334,12.966666666666669,18.366666666666667,81.13333333333333,59.06666666666666,0.0,0.0,0.0,0.0,0.0,0.0,0.0,0.0
4179,2017-07-09,7,22.0,35,7,72.5,51.4,1016.15,993.8666666666668,10.0,5.733333333333333,12.033333333333331,18.4,85.7,59.13333333333333,0.0,0.0,0.0,0.0,0.0,0.0,0.0,0.0
2506,2015-04-24,5,22.0,25,4,45.13333333333333,23.166666666666668,1017.3,993.9333333333334,10.0,3.633333333333333,13.333333333333334,15.0,59.46666666666667,30.133333333333336,0.0,0.0,0.0,0.0,0.0,0.0,0.0,0.0
3894,2015-06-26,5,22.0,23,6,64.66666666666667,60.23333333333333,1014.9,992.0666666666666,6.166666666666667,6.766666666666667,11.3,,80.89999999999999,61.0,0.02,0.0,0.0,1.0,0.0,0.0,0.0,0.0
4441,2019-07-21,7,22.0,31,7,74.5,68.93333333333334,1012.1,990.0333333333332,9.6,8.0,15.666666666666666,21.0,80.33333333333333,69.33333333333333,0.5133333333333333,0.0,0.0,1.0,0.0,0.0,1.0,0.0
2335,2016-04-15,5,22.0,29,4,53.93333333333334,32.53333333333333,1023.1,999.8,10.0,6.733333333333333,11.0,17.1,68.66666666666667,40.7,0.0,0.0,0.0,0.0,0.0,0.0,0.0,0.0
4651,2016-07-29,5,22.0,25,7,73.86666666666666,68.66666666666667,1012.25,990.0333333333332,8.200000000000001,5.033333333333333,12.033333333333331,17.0,82.8,68.8,0.68,0.0,0.0,1.0,0.0,0.0,1.0,0.0
2351,2019-04-17,3,22.0,25,4,56.06666666666666,46.93333333333334,1011.2,988.2666666666668,8.866666666666667,7.966666666666666,18.066666666666663,27.33333333333333,76.46666666666667,44.9,0.0,0.0,0.0,0.0,0.0,0.0,0.0,0.0
1010,2017-02-15,3,22.0,22,2,34.06666666666667,17.766666666666666,1011.15,987.2999999999998,10.0,11.066666666666668,16.066666666666666,23.7,46.7,27.266666666666666,0.0,0.0,0.0,0.0,0.0,0.0,0.0,0.0
2070,2016-04-03,7,22.0,20,4,40.73333333333333,21.633333333333336,1012.7,989.2,10.0,12.233333333333334,26.666666666666668,37.3,69.3,27.433333333333334,0.01,0.0,0.0,0.0,0.0,0.0,0.0,0.0
4937,2016-08-11,4,22.0,28,8,82.39999999999999,69.53333333333333,1014.05,992.0666666666666,9.5,7.366666666666667,18.73333333333333,26.633333333333336,92.03333333333336,73.0,0.0,0.0,0.0,0.0,0.0,0.0,0.0,0.0
6204,2017-10-09,1,22.0,25,10,65.8,52.3,1010.05,987.7,9.766666666666667,2.9333333333333336,9.333333333333334,,81.33333333333333,51.73333333333333,0.0,0.0,0.0,0.0,0.0,0.0,0.0,0.0
2776,2016-05-05,4,22.0,30,5,47.93333333333334,36.66666666666666,1014.1,990.6333333333332,10.0,11.9,18.7,28.6,59.06666666666666,41.23333333333333,0.0,0.0,0.0,1.0,0.0,0.0,0.0,0.0
305,2015-01-14,3,22.0,16,1,9.5,4.133333333333333,1030.45,1005.8,9.533333333333331,3.966666666666667,8.6,,21.73333333333333,-0.7666666666666669,0.0,4.1,0.0,0.0,0.0,0.0,0.0,0.0
3256,2015-05-28,4,22.0,33,5,69.66666666666667,54.23333333333333,1020.45,997.9,9.733333333333333,4.5,12.666666666666666,17.76666666666667,82.8,55.0,0.02,0.0,0.0,0.0,0.0,0.0,0.0,0.0
262,2016-01-12,2,22.0,24,1,15.699999999999998,7.699999999999999,1015.15,987.7666666666668,6.266666666666667,14.1,21.633333333333336,31.33333333333333,25.7,4.966666666666666,0.09,2.55,0.0,0.0,1.0,0.0,0.0,0.0
3210,2017-05-26,5,22.0,22,5,59.86666666666667,52.76666666666667,1009.05,986.4333333333334,9.1,4.5,10.966666666666669,22.0,72.16666666666667,50.5,0.0,0.0,0.0,1.0,0.0,0.0,0.0,0.0
1340,2017-03-02,4,22.0,17,3,32.2,21.96666666666667,1022.25,997.5666666666666,9.633333333333333,10.0,22.366666666666664,31.03333333333333,35.2,28.73333333333333,0.0433333333333333,0.0,0.0,0.0,1.0,0.0,0.0,0.0
1955,2019-03-30,6,22.0,21,3,39.63333333333333,33.166666666666664,1013.0,988.9333333333334,8.266666666666667,9.766666666666667,19.366666666666667,27.0,47.6,34.36666666666667,0.56,0.0,0.0,1.0,1.0,0.0,0.0,0.0
4290,2017-07-14,5,22.0,24,7,71.3,60.6,1017.85,995.4,9.933333333333334,6.766666666666667,11.7,19.5,81.76666666666667,65.4,0.0,0.0,0.0,0.0,0.0,0.0,0.0,0.0
1010,2018-02-15,4,22.0,28,2,40.46666666666667,39.8,1008.35,985.2666666666668,1.1666666666666667,5.566666666666666,12.333333333333334,15.9,46.43333333333334,33.733333333333334,0.0,1.6,1.0,1.0,0.0,0.0,0.0,0.0
3853,2018-06-24,7,22.0,30,6,72.36666666666667,62.5,1011.35,989.2666666666668,9.8,5.5,14.3,17.6,80.89999999999999,63.26666666666667,0.0,0.0,0.0,0.0,0.0,0.0,0.0,0.0
4253,2016-07-11,1,22.0,22,7,78.93333333333334,65.0,1013.65,991.6333333333332,10.0,8.4,15.6,21.633333333333336,90.66666666666669,66.86666666666666,0.0,0.0,0.0,0.0,0.0,0.0,0.0,0.0
2418,2017-04-20,4,22.0,22,4,58.23333333333333,50.26666666666667,1012.3,988.5666666666666,9.866666666666667,10.8,20.33333333333333,29.666666666666668,73.96666666666667,44.9,0.0349999999999999,0.0,0.0,1.0,0.0,0.0,0.0,0.0
7448,2016-12-03,6,22.0,15,12,33.833333333333336,23.9,1027.6999999999998,1003.7,10.0,5.866666666666667,9.633333333333333,,38.53333333333333,30.8,0.0,0.0,0.0,0.0,0.0,0.0,0.0,0.0
7162,2016-11-20,7,22.0,23,11,29.9,17.133333333333336,1027.2,1002.9666666666668,10.0,8.566666666666668,12.366666666666667,19.05,36.56666666666667,24.2,0.0033333333333333,0.0,0.0,0.0,0.0,0.0,0.0,0.0
1649,2018-03-16,5,22.0,20,3,32.233333333333334,22.7,1020.25,996.3333333333334,10.0,9.766666666666666,13.666666666666666,18.55,41.16666666666666,29.03333333333333,0.0,0.0,0.0,0.0,0.0,0.0,0.0,0.0
1560,2017-03-12,7,22.0,21,3,26.666666666666668,3.9,1031.9,1007.3666666666668,10.0,4.4,11.966666666666669,22.9,35.800000000000004,18.933333333333334,0.0,0.0,0.0,0.0,0.0,0.0,0.0,0.0
2880,2017-05-11,4,22.0,28,5,54.13333333333333,48.366666666666674,1013.5,990.1,6.833333333333333,9.0,17.76666666666667,24.366666666666664,62.8,46.93333333333334,0.9533333333333333,0.0,0.0,1.0,0.0,0.0,1.0,0.0
6732,2017-11-02,4,22.0,28,11,47.2,45.86666666666667,1011.8,988.8333333333334,3.3666666666666667,4.5,9.966666666666669,,51.8,39.7,0.2733333333333334,0.0,0.0,1.0,0.0,0.0,0.0,0.0
7305,2019-11-28,4,22.0,22,11,34.53333333333333,25.8,1029.2,6.166666666666667,10.0,8.666666666666666,19.03333333333333,30.6,37.53333333333333,31.633333333333336,0.13,0.0,0.0,0.0,0.0,0.0,0.0,0.0
1916,2016-03-27,7,22.0,31,3,48.96666666666667,38.13333333333333,1015.2,991.8,9.633333333333333,6.6000000000000005,16.0,23.55,65.06666666666666,37.53333333333333,0.02,0.0,0.0,1.0,0.0,0.0,0.0,0.0
1362,2017-03-03,5,22.0,25,3,27.6,8.5,1033.4,1009.0,9.966666666666669,9.6,14.633333333333333,21.0,33.7,21.066666666666663,0.0,0.0,0.0,0.0,0.0,0.0,0.0,0.0
6584,2018-10-26,5,22.0,26,10,47.66666666666666,37.23333333333333,1012.5,989.3,10.0,6.1000000000000005,10.033333333333331,,52.833333333333336,41.63333333333333,0.0,0.0,0.0,0.0,0.0,0.0,0.0,0.0
2310,2018-04-15,7,22.0,29,4,36.43333333333334,34.800000000000004,1007.9,984.1333333333332,6.933333333333334,11.5,17.7,26.266666666666666,39.16666666666666,34.46666666666667,0.5033333333333333,0.0,0.0,1.0,0.0,0.0,0.0,0.0
1780,2017-03-22,3,22.0,21,3,32.46666666666667,20.366666666666667,1033.35,1008.8,10.0,12.833333333333334,20.633333333333333,29.366666666666664,37.266666666666666,28.366666666666664,0.0,0.0,0.0,0.0,0.0,0.0,0.0,0.0
4133,2019-07-07,7,22.0,29,7,70.36666666666667,60.36666666666667,1016.35,993.7666666666668,10.0,10.8,16.033333333333335,20.633333333333333,78.86666666666667,65.7,0.0,0.0,0.0,0.0,0.0,0.0,0.0,0.0
3100,2017-05-21,7,22.0,27,5,61.8,54.76666666666667,1012.85,989.9666666666668,8.366666666666667,9.3,17.733333333333334,24.03333333333333,66.66666666666667,51.86666666666667,0.2666666666666666,0.0,0.0,1.0,0.0,0.0,1.0,0.0
3671,2019-06-16,7,22.0,26,6,59.26666666666667,57.5,1009.4,986.2666666666668,4.433333333333334,4.8,12.666666666666666,17.1,69.03333333333333,55.46666666666667,0.11,0.0,1.0,1.0,0.0,0.0,1.0,0.0
1956,2015-03-30,1,22.0,27,3,47.13333333333333,30.0,1015.1,991.7333333333332,10.0,8.833333333333334,18.0,27.3,62.23333333333333,24.066666666666663,0.0166666666666666,0.0,0.0,0.0,0.0,0.0,0.0,0.0
4422,2017-07-20,4,22.0,19,7,76.36666666666666,69.0,1014.7,993.2,9.1,7.533333333333334,19.7,33.36666666666667,88.60000000000001,69.03333333333333,0.8333333333333334,0.0,0.0,1.0,0.0,0.0,1.0,0.0
1364,2016-03-02,3,22.0,29,3,22.2,7.866666666666667,1020.85,996.5,10.0,7.366666666666667,16.0,21.0,32.800000000000004,12.9,0.0233333333333333,1.2,0.0,0.0,0.0,0.0,0.0,0.0
6556,2017-10-25,3,22.0,36,10,43.9,34.166666666666664,1008.45,985.3,10.0,6.866666666666667,11.4,16.5,52.8,36.833333333333336,0.3866666666666666,0.0,0.0,0.0,0.0,0.0,0.0,0.0
1076,2017-02-18,6,22.0,19,2,55.9,36.96666666666667,1005.1,982.6,10.0,7.899999999999999,11.633333333333333,17.333333333333332,69.10000000000001,42.93333333333334,0.0,0.0,0.0,0.0,0.0,0.0,0.0,0.0
4026,2015-07-02,4,22.0,26,7,61.53333333333333,52.73333333333333,1015.3,992.3666666666668,9.866666666666667,8.733333333333334,13.333333333333334,17.1,69.10000000000001,54.93333333333334,0.0,0.0,0.0,0.0,0.0,0.0,0.0,0.0
5412,2017-09-03,7,22.0,34,9,67.23333333333333,55.16666666666666,1014.65,992.1666666666666,9.466666666666669,5.166666666666667,16.333333333333332,20.633333333333333,83.39999999999999,52.26666666666667,0.1866666666666666,0.0,0.0,1.0,0.0,0.0,0.0,0.0
107,2019-01-05,6,22.0,16,1,38.86666666666667,32.13333333333333,1009.4,986.0,10.0,5.8,13.0,17.666666666666668,52.36666666666667,29.7,0.0,0.0,0.0,0.0,0.0,0.0,0.0,0.0
7443,2018-12-04,2,22.0,22,12,30.666666666666668,22.5,1023.2,998.9,10.0,7.833333333333333,12.666666666666666,17.0,33.03333333333333,29.266666666666666,0.005,0.0,0.0,0.0,1.0,0.0,0.0,0.0
6518,2018-10-23,2,22.0,18,10,48.13333333333333,32.5,1022.55,999.2666666666668,10.0,7.0,11.3,15.45,57.6,39.9,0.0,0.0,0.0,0.0,0.0,0.0,0.0,0.0
6254,2018-10-11,4,22.0,22,10,51.0,39.0,1011.2,987.7333333333332,10.0,14.633333333333333,20.666666666666668,33.03333333333333,70.7,43.06666666666666,0.4866666666666666,0.0,0.0,0.0,0.0,0.0,0.0,0.0
482,2018-01-22,1,22.0,26,1,48.13333333333333,46.63333333333333,1003.3,982.0,4.333333333333333,8.966666666666667,19.666666666666668,28.03333333333333,53.9,40.96666666666667,0.2833333333333334,0.0,1.0,1.0,0.0,0.0,1.0,0.0
1186,2017-02-23,4,22.0,17,2,51.06666666666666,45.26666666666667,1006.05,983.6666666666666,9.5,9.866666666666667,15.666666666666666,21.4,64.43333333333334,37.8,0.0033333333333333,0.0,0.0,1.0,0.0,0.0,0.0,0.0
4689,2018-08-01,3,22.0,26,8,72.10000000000001,61.03333333333333,1013.95,991.6666666666666,8.333333333333334,4.5,17.333333333333332,26.03333333333333,84.66666666666667,61.3,0.01,0.0,0.0,1.0,0.0,0.0,1.0,0.0
6210,2018-10-09,2,22.0,25,10,76.03333333333333,65.16666666666667,1014.75,992.7,10.0,7.866666666666667,13.0,19.7,85.26666666666667,67.43333333333334,0.09,0.0,0.0,0.0,0.0,0.0,0.0,0.0
2704,2017-05-03,3,22.0,25,5,47.0,35.0,1019.65,996.2333333333332,9.966666666666669,5.033333333333333,11.0,17.95,55.36666666666667,34.93333333333333,0.0366666666666666,0.0,0.0,0.0,0.0,0.0,0.0,0.0
7793,2015-12-20,7,22.0,22,12,35.36666666666667,22.83333333333333,1022.4,998.8333333333334,10.0,10.933333333333332,20.7,29.23333333333333,49.833333333333336,16.533333333333335,0.0,0.0,0.0,0.0,0.0,0.0,0.0,0.0
6688,2017-10-31,2,22.0,32,10,37.66666666666666,23.4,1017.85,994.2666666666668,10.0,12.266666666666666,20.0,28.6,44.43333333333334,34.46666666666667,0.0,0.0,0.0,0.0,0.0,0.0,0.0,0.0
5984,2019-09-29,7,22.0,22,9,63.06666666666666,60.36666666666667,1021.05,998.1333333333332,8.966666666666667,7.833333333333333,12.633333333333333,18.0,68.53333333333333,58.3,0.6933333333333334,0.0,0.0,1.0,0.0,0.0,1.0,0.0
2618,2018-04-29,7,22.0,19,4,43.2,22.2,1027.0,1003.2666666666668,10.0,4.9,10.266666666666667,,57.13333333333333,31.1,0.0,0.0,0.0,0.0,0.0,0.0,0.0,0.0
6275,2015-10-12,1,22.0,27,10,66.73333333333333,47.86666666666667,1000.65,978.7333333333332,10.0,11.933333333333332,20.666666666666668,32.63333333333333,79.0,50.5,0.0,0.0,0.0,0.0,0.0,0.0,0.0,0.0
5280,2017-08-28,1,22.0,22,8,69.43333333333334,60.96666666666667,1016.1,993.6666666666666,9.566666666666666,5.033333333333333,10.933333333333332,18.1,79.23333333333333,63.56666666666666,0.185,0.0,0.0,1.0,0.0,0.0,1.0,0.0
6930,2017-11-11,6,22.0,24,11,29.3,17.433333333333334,1030.9,1006.5666666666666,9.966666666666669,7.866666666666667,11.733333333333334,16.5,36.56666666666667,22.666666666666668,0.0,0.0,0.0,0.0,0.0,0.0,0.0,0.0
4201,2017-07-10,1,22.0,21,7,76.83333333333333,66.5,1009.7,987.8333333333334,9.566666666666666,7.666666666666667,21.3,28.633333333333336,84.43333333333334,66.16666666666667,0.3333333333333333,0.0,0.0,1.0,0.0,0.0,1.0,0.0
4686,2017-08-01,2,22.0,39,8,76.2,61.73333333333333,1018.05,995.4333333333334,10.0,3.6,13.0,35.0,85.46666666666665,67.83333333333333,0.0,0.0,0.0,1.0,0.0,0.0,1.0,0.0
240,2016-01-11,1,22.0,17,1,7.033333333333334,-0.3333333333333334,1019.4,994.0666666666666,9.066666666666666,9.333333333333334,15.3,20.666666666666668,22.1,0.9333333333333332,0.0,1.2,0.0,0.0,1.0,0.0,0.0,0.0
3459,2016-06-05,7,22.0,18,6,68.83333333333333,58.16666666666666,1004.35,982.2333333333332,9.6,9.2,17.76666666666667,25.633333333333336,79.46666666666667,61.9,0.2299999999999999,0.0,0.0,1.0,0.0,0.0,0.0,0.0
4683,2019-08-01,4,22.0,28,8,68.93333333333334,55.4,1021.3,998.5333333333332,10.0,4.766666666666667,10.3,15.9,79.83333333333333,56.9,0.0,0.0,0.0,0.0,0.0,0.0,0.0,0.0
5215,2015-08-25,2,22.0,29,8,64.3,48.0,1015.4,992.7666666666668,10.0,8.0,15.7,24.266666666666666,74.93333333333334,55.66666666666666,0.0,0.0,0.0,0.0,0.0,0.0,0.0,0.0
4557,2018-07-26,4,22.0,35,7,76.13333333333333,61.333333333333336,1012.25,990.2666666666668,10.0,7.7,13.333333333333334,19.366666666666667,85.7,68.96666666666667,0.01,0.0,0.0,0.0,0.0,0.0,0.0,0.0
1872,2016-03-25,5,22.0,21,3,35.23333333333333,26.7,1015.75,991.6333333333332,10.0,7.766666666666666,17.366666666666667,25.0,46.16666666666666,30.133333333333336,0.89,0.0,0.0,0.0,0.0,0.0,0.0,0.0
834,2018-02-07,3,22.0,17,2,17.966666666666665,12.233333333333334,1028.1999999999998,1003.1666666666666,6.5,6.4,13.333333333333334,18.05,21.0,11.6,0.0566666666666666,3.9,0.0,0.0,1.0,0.0,0.0,0.0
2484,2015-04-23,4,22.0,19,4,42.73333333333333,21.566666666666663,1015.15,991.6,10.0,7.2,15.3,23.33333333333333,54.36666666666667,31.6,0.0,0.0,0.0,0.0,0.0,0.0,0.0,0.0
7173,2019-11-22,5,22.0,24,11,36.86666666666667,28.266666666666666,1020.4,997.0,10.0,7.899999999999999,15.266666666666666,22.666666666666668,48.8,30.53333333333333,0.4166666666666667,0.0,0.0,1.0,0.0,0.0,0.0,0.0
526,2018-01-24,3,22.0,16,1,28.933333333333334,23.23333333333333,1023.6,999.6666666666666,9.166666666666666,5.6000000000000005,11.633333333333333,15.0,33.96666666666667,27.366666666666664,0.01,1.2,0.0,0.0,1.0,0.0,0.0,0.0
789,2019-02-05,2,22.0,23,2,30.666666666666668,25.96666666666667,1018.15,994.3666666666668,9.966666666666669,8.5,12.7,19.666666666666668,43.1,26.366666666666664,0.0233333333333333,0.0,0.0,1.0,0.0,0.0,0.0,0.0
3297,2019-05-30,4,22.0,25,5,66.13333333333334,58.53333333333333,1007.15,984.8,9.6,5.2,13.666666666666666,20.0,78.56666666666666,56.9,0.1933333333333333,0.0,0.0,1.0,0.0,0.0,1.0,0.0
592,2018-01-27,6,22.0,24,1,47.76666666666667,31.866666666666664,1018.1,995.1333333333332,10.0,14.366666666666667,22.666666666666668,34.0,51.1,38.36666666666667,0.0,0.0,0.0,0.0,0.0,0.0,0.0,0.0
4573,2019-07-27,6,22.0,33,7,78.86666666666667,63.8,1018.55,996.4666666666668,10.0,10.966666666666669,18.066666666666663,26.7,88.53333333333335,68.66666666666667,0.0,0.0,0.0,0.0,0.0,0.0,0.0,0.0
6298,2018-10-13,6,22.0,18,10,41.0,33.7,1015.95,992.5666666666666,8.566666666666666,6.733333333333333,12.666666666666666,17.033333333333335,52.833333333333336,32.6,0.0,0.0,0.0,0.0,0.0,0.0,0.0,0.0
4884,2017-08-10,4,22.0,28,8,73.23333333333333,58.16666666666666,1017.75,995.4666666666666,10.0,6.466666666666666,14.6,18.633333333333333,84.0,60.56666666666666,0.0,0.0,0.0,0.0,0.0,0.0,0.0,0.0
3498,2015-06-08,1,22.0,23,6,73.03333333333333,63.633333333333326,1004.8,982.9,9.733333333333333,10.5,19.03333333333333,27.3,84.0,55.93333333333334,0.32,0.0,0.0,1.0,0.0,0.0,1.0,0.0
7832,2017-12-22,5,22.0,23,12,37.7,31.3,1015.35,991.4666666666668,7.633333333333333,5.533333333333334,8.933333333333334,,40.03333333333333,34.1,0.0,0.0,0.0,1.0,0.0,0.0,0.0,0.0
4099,2016-07-04,1,22.0,26,7,70.33333333333333,59.73333333333333,1012.4,990.0666666666666,9.5,5.933333333333334,9.966666666666669,20.0,79.60000000000001,61.333333333333336,0.0,0.0,0.0,0.0,0.0,0.0,0.0,0.0
8036,2015-12-31,4,22.0,14,12,28.0,21.5,1024.4,1000.1666666666666,9.533333333333331,8.133333333333333,10.7,17.1,28.9,28.1,0.0,2.55,0.0,0.0,0.0,0.0,0.0,0.0
6957,2015-11-12,4,22.0,22,11,48.96666666666667,41.53333333333333,998.8,975.1,8.566666666666668,19.933333333333334,29.566666666666663,41.93333333333333,63.333333333333336,38.03333333333333,0.6533333333333333,0.0,0.0,1.0,0.0,0.0,1.0,0.0
4601,2018-07-28,6,22.0,22,7,70.06666666666666,54.7,1018.7,996.2666666666668,10.0,3.9,9.966666666666669,,80.46666666666667,58.833333333333336,0.0,0.0,0.0,0.0,0.0,0.0,0.0,0.0
1625,2019-03-15,5,22.0,28,3,38.26666666666667,33.56666666666666,1007.65,984.8666666666668,8.433333333333334,15.3,23.3,36.4,45.03333333333333,35.13333333333333,0.3233333333333333,0.0,0.0,1.0,0.0,0.0,0.0,0.0
5399,2016-09-01,4,22.0,39,9,68.46666666666667,57.66666666666666,1020.1,997.7,9.966666666666669,9.1,16.400000000000002,22.96666666666667,74.10000000000001,62.6,0.0,0.0,0.0,1.0,0.0,0.0,0.0,0.0
7338,2016-11-28,1,22.0,23,11,44.9,40.833333333333336,1002.25,979.4666666666668,8.0,14.033333333333331,19.666666666666668,27.3,50.8,38.36666666666667,0.31,0.0,0.0,1.0,0.0,0.0,0.0,0.0
4712,2018-08-02,4,22.0,24,8,75.8,63.56666666666666,1013.25,991.2333333333332,10.0,7.399999999999999,13.666666666666666,19.03333333333333,86.36666666666667,65.03333333333333,0.0133333333333333,0.0,0.0,0.0,0.0,0.0,0.0,0.0
7311,2018-11-28,3,22.0,21,11,21.633333333333336,15.033333333333331,1018.55,994.2666666666668,9.633333333333333,4.8,9.966666666666669,,26.566666666666663,17.2,0.0,3.55,0.0,0.0,1.0,0.0,0.0,0.0
1652,2016-03-15,2,22.0,26,3,50.93333333333334,45.63333333333333,1006.45,983.7333333333332,7.066666666666666,6.966666666666666,14.3,23.05,62.86666666666667,44.9,0.04,0.0,0.0,0.0,0.0,0.0,0.0,0.0
1098,2017-02-19,7,22.0,11,2,49.76666666666667,34.63333333333333,1014.05,991.1666666666666,9.866666666666667,2.066666666666667,7.333333333333333,,67.63333333333334,34.333333333333336,0.0,0.0,0.0,0.0,0.0,0.0,0.0,0.0
1251,2019-02-26,2,22.0,14,2,20.466666666666665,9.966666666666669,1032.95,8.066666666666666,9.466666666666669,8.066666666666668,13.033333333333331,17.333333333333332,25.1,14.933333333333332,0.0,0.0,0.0,0.0,1.0,0.0,0.0,0.0
3013,2015-05-17,7,22.0,38,5,72.86666666666667,65.2,1013.2,991.3333333333334,8.733333333333334,11.333333333333334,21.0,29.899999999999995,82.03333333333333,63.86666666666667,0.0133333333333333,0.0,0.0,1.0,0.0,0.0,0.0,0.0
5884,2016-09-23,5,22.0,30,9,72.56666666666666,66.33333333333333,1017.25,994.8333333333334,8.666666666666666,5.533333333333334,11.333333333333334,,81.39999999999999,67.7,0.0,0.0,0.0,0.0,0.0,0.0,0.0,0.0
1779,2019-03-22,5,22.0,29,3,39.5,29.866666666666664,1017.4,993.9333333333334,10.0,8.866666666666667,16.733333333333334,22.366666666666664,45.36666666666667,33.833333333333336,0.0,0.0,0.0,0.0,0.0,0.0,0.0,0.0
7888,2016-12-23,5,22.0,14,12,30.26666666666667,25.73333333333333,1025.75,1001.2333333333332,8.766666666666666,5.666666666666667,10.3,14.0,36.833333333333336,23.366666666666664,0.0,2.55,0.0,1.0,1.0,0.0,0.0,0.0
2770,2017-05-06,6,22.0,24,5,49.46666666666667,37.06666666666667,1009.25,986.2333333333332,9.933333333333334,10.533333333333331,19.666666666666668,28.633333333333336,57.06666666666666,42.93333333333334,0.09,0.0,0.0,1.0,0.0,0.0,0.0,0.0
5153,2018-08-22,3,22.0,22,8,69.89999999999999,54.53333333333333,1018.05,995.4,9.966666666666669,7.766666666666666,13.333333333333334,21.633333333333336,79.3,59.0,0.1,0.0,0.0,0.0,0.0,0.0,0.0,0.0
5368,2017-09-01,5,22.0,26,9,63.66666666666666,50.1,1020.85,998.1,9.733333333333334,11.033333333333331,15.666666666666666,21.0,70.10000000000001,56.16666666666666,0.0,0.0,0.0,0.0,0.0,0.0,0.0,0.0
5437,2015-09-04,5,22.0,29,9,75.56666666666668,67.13333333333334,1014.65,992.2666666666668,9.7,5.0,11.666666666666666,15.9,91.8,68.26666666666667,0.0,0.0,0.0,0.0,0.0,0.0,0.0,0.0
3871,2017-06-25,7,22.0,19,6,64.39999999999999,45.833333333333336,1017.9,995.3,9.966666666666669,10.133333333333333,17.733333333333334,24.7,73.36666666666666,54.36666666666667,0.0066666666666666,0.0,0.0,0.0,0.0,0.0,0.0,0.0
3231,2019-05-27,1,22.0,28,5,61.833333333333336,53.9,1015.9,991.7666666666668,9.166666666666666,5.4,20.03333333333333,30.066666666666663,75.36666666666667,52.63333333333333,0.4633333333333333,0.0,0.0,1.0,0.0,0.0,1.0,0.0
4607,2016-07-27,3,22.0,28,7,79.36666666666666,63.3,1014.7,992.6,9.866666666666667,3.2,10.266666666666667,,88.8,67.89999999999999,0.0,0.0,0.0,0.0,0.0,0.0,0.0,0.0
5109,2018-08-20,1,22.0,18,8,74.66666666666667,66.93333333333334,1011.95,989.3,9.566666666666666,8.4,15.0,20.33333333333333,81.7,68.56666666666666,0.0733333333333333,0.0,0.0,1.0,0.0,0.0,0.0,0.0
174,2016-01-08,5,22.0,19,1,40.13333333333333,34.733333333333334,1012.25,987.8,6.6000000000000005,5.833333333333333,9.966666666666669,,43.6,36.86666666666667,0.01,1.2,0.0,1.0,0.0,0.0,0.0,0.0
4885,2015-08-10,1,22.0,26,8,75.60000000000001,67.93333333333334,1011.0,988.7333333333332,8.200000000000001,4.266666666666667,14.3,22.9,84.8,66.8,0.0066666666666666,0.0,0.0,1.0,0.0,0.0,1.0,0.0
4695,2016-07-31,7,22.0,25,7,72.93333333333334,64.06666666666666,1015.8,993.4,9.733333333333334,5.833333333333333,10.6,18.1,80.66666666666667,64.63333333333334,0.0,0.0,0.0,0.0,0.0,0.0,0.0,0.0
3473,2019-06-07,5,22.0,22,6,65.5,57.63333333333333,1013.7,991.0,8.4,6.266666666666667,14.0,18.73333333333333,77.5,55.26666666666667,0.0,0.0,1.0,0.0,0.0,0.0,0.0,0.0
5390,2017-09-02,6,22.0,23,9,62.0,46.6,1017.55,994.6666666666666,10.0,3.8,8.9,,74.33333333333333,47.0,0.0,0.0,0.0,0.0,0.0,0.0,0.0,0.0
6100,2018-10-04,4,22.0,21,10,66.5,54.56666666666666,1014.35,992.5,9.933333333333334,14.166666666666666,20.0,31.03333333333333,84.96666666666667,52.66666666666666,0.05,0.0,0.0,1.0,0.0,0.0,0.0,0.0
5333,2016-08-29,1,22.0,24,8,76.7,70.0,1022.25,999.7666666666668,9.7,4.7,9.966666666666669,,87.56666666666666,70.03333333333333,0.0,0.0,0.0,1.0,0.0,0.0,1.0,0.0
5065,2018-08-18,6,22.0,20,8,74.89999999999999,67.73333333333333,1015.2,992.9,8.6,5.933333333333334,11.633333333333333,,82.2,68.13333333333334,0.0566666666666666,0.0,0.0,0.0,0.0,0.0,0.0,0.0
1252,2015-02-26,4,22.0,16,2,18.53333333333333,12.133333333333333,1023.45,996.8,3.1333333333333333,9.966666666666669,16.400000000000002,20.33333333333333,27.133333333333336,11.9,0.1266666666666666,8.45,1.0,0.0,1.0,0.0,0.0,0.0
7414,2017-12-03,7,22.0,14,12,41.9,31.066666666666663,1021.25,997.8,9.433333333333334,3.033333333333333,9.233333333333334,17.1,57.6,28.2,0.0,0.0,0.0,0.0,0.0,0.0,0.0,0.0
1956,2017-03-30,4,22.0,26,3,44.06666666666666,40.9,1011.8,987.0333333333332,6.4,11.3,20.73333333333333,29.566666666666663,48.43333333333334,39.2,1.15,0.0,0.0,1.0,0.0,0.0,1.0,0.0
5638,2018-09-13,4,22.0,27,9,67.53333333333335,56.76666666666667,1021.45,998.8,10.0,3.8,9.266666666666667,,79.46666666666667,57.66666666666666,0.0,0.0,0.0,0.0,0.0,0.0,0.0,0.0
5526,2015-09-08,2,22.0,27,9,77.86666666666666,69.6,1011.3,989.3333333333334,9.366666666666667,7.0,19.7,27.96666666666667,88.96666666666665,71.53333333333335,0.3966666666666666,0.0,1.0,1.0,0.0,0.0,1.0,0.0
5497,2019-09-07,6,22.0,18,9,67.16666666666667,56.6,1016.6,994.0333333333332,10.0,6.066666666666666,12.3,21.03333333333333,78.76666666666667,56.16666666666666,0.0,0.0,0.0,0.0,0.0,0.0,0.0,0.0
3063,2016-05-18,3,22.0,18,5,52.333333333333336,37.53333333333333,1023.6,1000.2,10.0,5.8,12.366666666666667,15.0,65.10000000000001,41.43333333333333,0.0033333333333333,0.0,0.0,0.0,0.0,0.0,0.0,0.0
7573,2015-12-10,4,22.0,24,12,48.1,38.4,1003.75,980.1666666666666,10.0,12.3,25.4,34.733333333333334,57.93333333333334,39.8,0.0,0.0,0.0,0.0,0.0,0.0,0.0,0.0
4730,2017-08-03,4,22.0,26,8,75.0,66.66666666666667,1014.15,991.7666666666668,8.966666666666667,6.933333333333334,21.7,30.3,85.03333333333333,67.83333333333333,0.02,0.0,0.0,1.0,0.0,0.0,1.0,0.0
3960,2015-06-29,1,22.0,23,6,68.6,61.9,1008.85,986.6,8.633333333333333,3.4000000000000004,7.666666666666667,,79.66666666666667,54.4,0.1033333333333333,0.0,0.0,1.0,0.0,0.0,0.0,0.0
107,2015-01-05,1,22.0,14,1,3.733333333333333,-5.6000000000000005,1035.6,1010.4,10.0,11.133333333333333,16.333333333333332,23.73333333333333,14.066666666666668,-2.1666666666666665,0.0233333333333333,1.6,0.0,0.0,0.0,0.0,0.0,0.0
3611,2018-06-13,3,22.0,19,6,74.53333333333333,62.9,1012.5,989.8666666666668,7.533333333333334,6.2,13.033333333333331,21.03333333333333,80.63333333333334,66.33333333333333,0.0,0.0,0.0,0.0,0.0,0.0,0.0,0.0
5396,2018-09-02,7,22.0,26,9,80.60000000000001,69.36666666666666,1016.1,994.2,10.0,8.233333333333333,16.3,22.7,90.83333333333331,72.43333333333334,0.0666666666666666,0.0,0.0,1.0,0.0,0.0,1.0,0.0
7135,2018-11-20,2,22.0,13,11,31.933333333333334,23.166666666666668,1022.0,997.7333333333332,9.533333333333331,8.4,14.666666666666666,21.4,34.9,29.46666666666667,0.0,0.0,0.0,0.0,1.0,0.0,0.0,0.0
659,2016-01-30,6,22.0,19,1,38.36666666666667,28.96666666666667,1005.7,982.4666666666668,10.0,9.333333333333334,16.333333333333332,22.366666666666664,47.76666666666667,28.566666666666663,0.0,0.0,0.0,0.0,0.0,0.0,0.0,0.0
173,2019-01-08,2,22.0,28,1,42.36666666666667,35.666666666666664,1008.75,985.4333333333334,8.366666666666665,11.233333333333334,23.33333333333333,38.333333333333336,53.43333333333334,35.46666666666667,0.2833333333333334,0.0,0.0,1.0,0.0,0.0,0.0,0.0
1406,2015-03-05,4,22.0,19,3,14.066666666666668,-2.433333333333333,1031.0500000000002,1005.9,10.0,8.366666666666667,12.033333333333331,15.3,32.0,7.233333333333333,0.0,5.5,0.0,0.0,0.0,0.0,0.0,0.0
3041,2016-05-17,2,22.0,19,5,54.43333333333334,42.3,1022.0,999.0666666666666,10.0,8.200000000000001,14.333333333333334,20.0,66.26666666666667,48.13333333333333,0.0,0.0,0.0,1.0,0.0,0.0,0.0,0.0
2110,2015-04-06,1,22.0,20,4,50.93333333333334,33.26666666666667,1015.75,992.7333333333332,10.0,5.9,11.1,,67.39999999999999,40.2,0.0,0.0,0.0,0.0,0.0,0.0,0.0,0.0
2593,2019-04-28,7,22.0,14,4,40.53333333333333,28.7,1020.0,995.4333333333334,8.633333333333333,10.933333333333332,18.33333333333333,27.633333333333336,51.7,32.300000000000004,0.7566666666666667,1.6,0.0,1.0,1.0,0.0,0.0,0.0
3143,2019-05-23,4,22.0,35,5,70.93333333333332,57.0,1013.85,991.1333333333332,9.866666666666667,12.233333333333334,20.4,30.0,79.83333333333333,59.26666666666667,0.09,0.0,0.0,1.0,0.0,0.0,1.0,0.0
5741,2019-09-18,3,22.0,21,9,70.89999999999999,61.53333333333333,1019.1,996.6666666666666,9.966666666666669,4.933333333333334,9.333333333333334,17.1,82.13333333333334,61.833333333333336,0.0,0.0,0.0,0.0,0.0,0.0,0.0,0.0
5642,2016-09-12,1,22.0,28,9,67.36666666666667,53.43333333333334,1018.95,996.4333333333334,10.0,6.366666666666667,13.666666666666666,19.7,79.43333333333334,55.36666666666667,0.0,0.0,0.0,0.0,0.0,0.0,0.0,0.0
2637,2019-04-30,2,22.0,27,4,45.53333333333333,43.8,1022.15,998.6333333333332,6.0,7.2,15.666666666666666,23.4,51.93333333333334,39.13333333333333,1.08,0.0,0.0,1.0,0.0,0.0,1.0,0.0
2643,2016-04-29,5,22.0,25,4,45.66666666666666,40.36666666666667,1018.25,994.5,6.666666666666667,7.0,11.4,17.45,50.5,42.63333333333333,0.0233333333333333,0.0,0.0,1.0,0.0,0.0,0.0,0.0
4585,2016-07-26,2,22.0,23,7,78.93333333333334,63.333333333333336,1015.95,993.7666666666668,10.0,3.2000000000000006,9.333333333333334,,87.26666666666665,69.66666666666667,0.0,0.0,0.0,0.0,0.0,0.0,0.0,0.0
1977,2019-03-31,7,22.0,11,3,31.33333333333333,15.333333333333334,1024.4,666.4666666666667,9.733333333333333,11.133333333333333,15.666666666666666,24.03333333333333,40.46666666666667,23.83333333333333,0.1,0.0,0.0,0.0,1.0,0.0,0.0,0.0
8008,2017-12-30,6,22.0,24,12,10.333333333333334,2.5,1026.6,1001.3333333333334,7.433333333333334,9.9,18.0,24.03333333333333,15.266666666666666,4.1000000000000005,0.05,2.0,0.0,0.0,1.0,0.0,0.0,0.0
7415,2019-12-03,2,22.0,33,12,32.800000000000004,26.933333333333334,1011.1,987.9,9.866666666666667,9.266666666666666,14.633333333333333,21.7,39.43333333333333,29.4,0.0,0.0,0.0,0.0,0.0,0.0,0.0,0.0
5324,2017-08-30,3,22.0,24,8,69.36666666666666,59.833333333333336,1017.2,994.7333333333332,9.1,3.9333333333333336,9.033333333333331,,80.60000000000001,58.9,0.0233333333333333,0.0,0.0,0.0,0.0,0.0,0.0,0.0
4032,2016-07-01,5,22.0,39,7,68.83333333333333,55.93333333333334,1015.7,993.5,10.0,8.799999999999999,15.3,21.0,76.63333333333333,63.26666666666667,0.0,0.0,0.0,0.0,0.0,0.0,0.0,0.0
7096,2016-11-17,4,22.0,29,11,55.6,46.3,1010.4,987.6333333333332,8.666666666666666,9.333333333333334,18.1,24.03333333333333,72.63333333333334,43.86666666666667,0.0,0.0,0.0,0.0,0.0,0.0,0.0,0.0
6336,2017-10-15,7,22.0,25,10,60.36666666666667,55.5,1012.45,989.2,8.799999999999999,12.633333333333333,26.33333333333333,37.266666666666666,67.46666666666667,51.93333333333334,3.5766666666666667,0.0,0.0,1.0,0.0,0.0,1.0,0.0
5879,2015-09-24,4,22.0,20,9,67.03333333333335,56.03333333333333,1023.75,1000.9333333333334,9.933333333333334,4.366666666666666,9.233333333333334,,79.8,56.4,0.0,0.0,0.0,0.0,0.0,0.0,0.0,0.0
7976,2016-12-27,2,22.0,20,12,29.666666666666668,20.166666666666668,1019.5,995.8,10.0,13.533333333333331,22.03333333333333,32.36666666666667,41.16666666666666,25.53333333333333,0.11,0.0,0.0,0.0,0.0,0.0,0.0,0.0
2087,2019-04-05,5,22.0,16,4,44.13333333333333,39.66666666666666,1020.05,996.6333333333332,7.933333333333333,4.5,11.733333333333334,19.366666666666667,56.53333333333333,39.23333333333333,0.1099999999999999,0.0,0.0,1.0,0.0,0.0,0.0,0.0
7503,2019-12-07,6,22.0,19,12,30.2,23.766666666666666,1028.6,4.5,9.966666666666669,4.966666666666666,10.6,,40.03333333333333,22.96666666666667,0.0,0.0,0.0,0.0,0.0,0.0,0.0,0.0
7118,2016-11-18,5,22.0,34,11,62.03333333333333,50.0,1008.45,985.9666666666668,9.733333333333334,13.9,22.666666666666668,30.633333333333336,68.8,48.26666666666667,0.0266666666666666,0.0,0.0,1.0,0.0,0.0,1.0,0.0
3165,2019-05-24,5,22.0,23,5,63.46666666666667,53.1,1017.6,995.4,9.766666666666667,5.6000000000000005,13.0,19.366666666666667,74.63333333333334,55.03333333333333,0.0966666666666666,0.0,0.0,1.0,0.0,0.0,1.0,0.0
4359,2018-07-17,2,22.0,30,7,75.86666666666666,61.93333333333333,1015.85,993.5666666666666,9.433333333333334,6.666666666666667,13.0,19.03333333333333,86.39999999999999,68.2,0.0833333333333333,0.0,0.0,0.0,0.0,0.0,0.0,0.0
790,2015-02-05,4,22.0,21,2,9.433333333333334,-0.9,1031.35,1006.2666666666668,10.0,6.6000000000000005,11.733333333333334,18.1,29.133333333333336,0.0333333333333333,0.0066666666666666,14.6,0.0,0.0,0.0,0.0,0.0,0.0
6781,2015-11-04,3,22.0,21,11,57.63333333333333,52.2,1019.0,996.5,7.233333333333333,5.0,13.3,17.1,72.2,45.1,0.01,0.0,1.0,0.0,0.0,0.0,0.0,0.0
2665,2016-04-30,6,22.0,14,4,45.6,40.53333333333333,1017.75,994.0666666666666,6.966666666666666,9.833333333333334,18.0,23.366666666666664,49.833333333333336,43.06666666666666,0.2233333333333333,0.0,0.0,1.0,0.0,0.0,0.0,0.0
5896,2017-09-25,1,22.0,31,9,78.8,59.70000000000001,1014.5,992.5,10.0,4.533333333333333,11.333333333333334,,91.63333333333333,66.86666666666666,0.0,0.0,0.0,0.0,0.0,0.0,0.0,0.0
5610,2017-09-12,2,22.0,21,9,64.39999999999999,53.16666666666666,1016.45,993.6666666666666,9.866666666666667,5.833333333333333,11.633333333333333,18.05,75.96666666666667,52.1,0.0,0.0,0.0,0.0,0.0,0.0,0.0,0.0
5752,2016-09-17,6,22.0,29,9,73.56666666666666,64.0,1012.0,990.0,9.666666666666666,8.033333333333333,14.3,20.33333333333333,82.3,66.2,0.055,0.0,0.0,1.0,0.0,0.0,0.0,0.0
4687,2015-08-01,6,22.0,34,8,75.93333333333334,53.26666666666667,1013.9,991.7,10.0,7.733333333333334,14.633333333333333,21.666666666666668,88.3,63.6,0.0,0.0,0.0,0.0,0.0,0.0,0.0,0.0
6979,2015-11-13,5,22.0,15,11,42.333333333333336,27.23333333333333,1014.85,991.3666666666668,10.0,16.733333333333334,24.03333333333333,35.03333333333333,53.7,35.833333333333336,0.0033333333333333,0.0,0.0,0.0,0.0,0.0,0.0,0.0
6578,2019-10-26,6,22.0,18,10,42.5,38.96666666666667,1017.65,992.5,7.333333333333333,6.033333333333334,17.033333333333335,23.366666666666664,48.43333333333334,35.6,0.48,0.0,0.0,1.0,0.0,0.0,0.0,0.0
4778,2018-08-05,7,22.0,22,8,83.16666666666667,66.83333333333333,1016.6,994.7333333333332,10.0,10.5,18.066666666666663,25.933333333333334,95.06666666666666,73.06666666666666,0.0,0.0,0.0,0.0,0.0,0.0,0.0,0.0
4893,2016-08-09,2,22.0,16,8,77.56666666666666,60.66666666666666,1015.15,992.9333333333334,10.0,4.8,9.966666666666669,,88.3,67.76666666666667,0.0,0.0,0.0,0.0,0.0,0.0,0.0,0.0
7184,2016-11-21,1,22.0,25,11,30.53333333333333,18.966666666666665,1026.85,1002.5666666666666,10.0,3.6666666666666665,7.333333333333333,,41.53333333333333,21.8,0.0,0.0,0.0,0.0,0.0,0.0,0.0,0.0
6276,2018-10-12,5,22.0,28,10,39.96666666666667,31.3,1016.55,992.9666666666668,9.966666666666669,6.3,10.7,17.033333333333335,47.833333333333336,35.1,0.0,0.0,0.0,1.0,0.0,0.0,0.0,0.0
2132,2017-04-07,5,22.0,20,4,43.0,23.866666666666664,1018.15,994.5666666666666,10.0,10.9,15.666666666666666,23.33333333333333,52.66666666666666,36.53333333333333,0.2166666666666666,0.0,0.0,0.0,0.0,0.0,0.0,0.0
4837,2019-08-08,4,22.0,19,8,79.03333333333333,61.13333333333333,1008.8,986.8666666666668,10.0,8.1,17.033333333333335,27.633333333333336,87.93333333333334,68.56666666666666,0.0033333333333333,0.0,0.0,1.0,0.0,0.0,1.0,0.0
2176,2017-04-09,7,22.0,17,4,63.333333333333336,44.93333333333334,1008.05,985.7666666666668,10.0,14.6,23.73333333333333,33.03333333333333,75.89999999999999,55.73333333333333,0.0,0.0,0.0,0.0,0.0,0.0,0.0,0.0
1120,2017-02-20,1,22.0,21,2,53.2,41.56666666666666,1018.55,995.6333333333332,8.166666666666666,6.8,16.333333333333332,22.03333333333333,68.86666666666666,40.1,0.0,0.0,0.0,0.0,0.0,0.0,0.0,0.0
5145,2019-08-22,4,22.0,21,8,73.36666666666667,62.26666666666667,1014.85,992.3,10.0,6.533333333333334,14.933333333333332,20.33333333333333,80.10000000000001,67.26666666666667,0.0066666666666666,0.0,0.0,0.0,0.0,0.0,0.0,0.0
4224,2017-07-11,2,22.0,31,7,76.96666666666667,69.53333333333333,1010.25,988.0666666666666,9.5,4.4,13.0,20.0,84.96666666666667,69.86666666666667,0.1999999999999999,0.0,0.0,1.0,0.0,0.0,0.0,0.0
4749,2019-08-04,7,22.0,27,8,77.7,62.73333333333333,1016.25,994.0333333333332,10.0,3.8,8.6,,86.5,66.73333333333333,0.0,0.0,0.0,0.0,0.0,0.0,0.0,0.0
63,2016-01-03,7,22.0,18,1,27.933333333333334,19.73333333333333,1018.75,994.6666666666666,10.0,10.466666666666669,17.333333333333332,25.4,32.13333333333333,22.566666666666663,0.0,1.6,0.0,0.0,1.0,0.0,0.0,0.0
4519,2016-07-23,6,22.0,31,7,84.16666666666667,74.23333333333333,1013.9,991.9666666666668,10.0,3.9,14.633333333333333,28.0,90.96666666666664,74.96666666666667,0.0066666666666666,0.0,0.0,0.0,0.0,0.0,1.0,0.0
3407,2019-06-04,2,22.0,23,6,65.13333333333334,51.9,1014.9,992.5,9.666666666666666,6.466666666666666,16.0,23.3,82.0,53.9,0.0033333333333333,0.0,0.0,1.0,0.0,0.0,0.0,0.0
6078,2018-10-03,3,22.0,25,10,69.93333333333334,60.333333333333336,1012.55,990.5,9.866666666666667,9.666666666666666,21.7,32.300000000000004,87.76666666666667,58.7,0.0633333333333333,0.0,0.0,0.0,0.0,0.0,0.0,0.0
855,2019-02-08,5,22.0,18,2,12.066666666666668,3.233333333333333,1027.25,335.1,8.966666666666667,19.3,26.7,41.7,29.399999999999995,5.1000000000000005,0.0999999999999999,0.0,0.0,0.0,1.0,0.0,0.0,0.0
2909,2016-05-11,3,22.0,24,5,59.96666666666667,57.06666666666666,1015.4,992.7666666666668,4.0,4.633333333333334,8.9,,70.39999999999999,53.53333333333333,0.5033333333333333,0.0,1.0,1.0,0.0,0.0,0.0,0.0
7683,2015-12-15,2,22.0,21,12,42.1,36.333333333333336,1009.05,983.9,9.733333333333334,7.633333333333333,15.7,21.96666666666667,56.0,40.03333333333333,0.0966666666666666,0.0,0.0,1.0,0.0,0.0,0.0,0.0
2220,2015-04-11,6,22.0,26,4,48.63333333333333,32.733333333333334,1022.3,998.9333333333334,9.966666666666669,6.733333333333333,15.666666666666666,20.666666666666668,63.8,36.3,0.0,0.0,0.0,0.0,0.0,0.0,0.0,0.0
7393,2019-12-02,1,22.0,28,12,32.833333333333336,27.46666666666667,1013.45,988.8,9.633333333333333,10.566666666666666,14.933333333333332,22.6,38.766666666666666,30.3,0.06,0.0,0.0,1.0,1.0,0.0,0.0,0.0
4419,2019-07-20,6,22.0,24,7,85.39999999999999,75.8,1009.65,988.3333333333334,10.0,11.133333333333333,21.7,34.7,95.43333333333334,74.83333333333333,0.01,0.0,0.0,1.0,0.0,0.0,1.0,0.0
3827,2017-06-23,5,22.0,25,6,76.10000000000001,62.76666666666667,1004.9,982.7666666666668,9.633333333333333,10.0,19.366666666666667,25.73333333333333,84.2,66.73333333333333,0.3466666666666667,0.0,0.0,1.0,0.0,0.0,1.0,0.0
5289,2016-08-27,6,22.0,27,8,74.56666666666666,68.3,1017.5,995.2333333333332,8.533333333333333,7.0,12.033333333333331,15.45,85.10000000000001,68.13333333333334,0.6466666666666666,0.0,0.0,1.0,0.0,0.0,1.0,0.0
5907,2016-09-24,6,22.0,23,9,69.8,63.8,1020.4,997.7666666666668,9.566666666666666,7.666666666666667,10.666666666666666,21.0,75.60000000000001,66.23333333333333,0.0,0.0,0.0,0.0,0.0,0.0,0.0,0.0
5223,2016-08-24,3,22.0,24,8,75.03333333333335,66.2,1015.9,993.4,9.233333333333333,9.933333333333332,17.3,23.666666666666668,83.63333333333334,66.93333333333332,0.0999999999999999,0.0,0.0,1.0,0.0,0.0,0.0,0.0
3410,2015-06-04,4,22.0,30,6,69.0,56.53333333333333,1015.2,992.8333333333334,9.833333333333334,6.8,10.7,15.0,81.2,50.7,0.0,0.0,0.0,0.0,0.0,0.0,0.0,0.0
7040,2017-11-16,4,22.0,23,11,35.96666666666667,28.2,1020.75,996.3666666666668,10.0,10.1,21.666666666666668,31.366666666666664,48.5,32.06666666666667,0.1766666666666666,0.0,0.0,0.0,0.0,0.0,0.0,0.0
3495,2019-06-08,6,22.0,22,6,66.89999999999999,54.6,1014.75,992.1,10.0,7.266666666666666,12.3,18.666666666666668,77.43333333333334,57.43333333333334,0.0,0.0,0.0,0.0,0.0,0.0,0.0,0.0
7822,2016-12-20,2,22.0,23,12,19.433333333333334,8.299999999999999,1027.55,1003.1333333333332,10.0,13.7,21.96666666666667,28.3,29.03333333333333,11.366666666666667,0.0,4.5,0.0,0.0,0.0,0.0,0.0,0.0
1867,2019-03-26,2,22.0,15,3,35.4,15.833333333333334,1030.7,6.533333333333334,10.0,5.2,13.0,16.5,46.333333333333336,24.866666666666664,0.0,0.0,0.0,0.0,0.0,0.0,0.0,0.0
3366,2015-06-02,2,22.0,35,6,55.86666666666667,41.56666666666666,1021.7,998.6,10.0,3.9666666666666655,10.366666666666667,15.0,70.06666666666666,42.16666666666666,0.0,0.0,0.0,0.0,0.0,0.0,0.0,0.0
2263,2019-04-13,6,22.0,19,4,43.4,25.5,1017.25,993.9666666666668,10.0,10.5,15.266666666666666,25.4,53.26666666666667,33.86666666666667,0.0666666666666666,0.0,0.0,0.0,0.0,0.0,0.0,0.0
3723,2016-06-17,5,22.0,28,6,70.73333333333333,55.43333333333334,1016.25,993.5,10.0,7.833333333333333,13.633333333333333,18.633333333333333,84.13333333333334,61.46666666666667,0.0,0.0,0.0,0.0,0.0,0.0,0.0,0.0
5857,2015-09-23,3,22.0,27,9,68.06666666666666,51.8,1023.4,1000.7,10.0,3.333333333333333,10.3,,80.10000000000001,53.23333333333333,0.0,0.0,0.0,0.0,0.0,0.0,0.0,0.0
3567,2018-06-11,1,22.0,29,6,64.36666666666666,62.5,1011.8,989.0333333333332,4.766666666666667,7.7,12.366666666666667,,70.13333333333333,60.333333333333336,0.1733333333333333,0.0,0.0,1.0,0.0,0.0,0.0,0.0
3253,2019-05-28,2,22.0,29,5,65.16666666666667,61.2,1005.65,983.5666666666666,9.666666666666666,6.733333333333333,24.03333333333333,33.333333333333336,73.16666666666667,53.13333333333333,1.0766666666666669,0.0,0.0,1.0,0.0,0.0,1.0,0.0
6908,2019-11-10,7,22.0,27,11,40.66666666666666,32.2,1014.95,991.5333333333332,9.833333333333334,5.5,9.966666666666669,14.0,44.73333333333333,32.333333333333336,0.0,0.0,0.0,0.0,0.0,0.0,0.0,0.0
1718,2016-03-18,5,22.0,33,3,42.0,27.26666666666667,1016.55,993.2,10.0,8.133333333333333,13.3,19.266666666666666,53.6,33.03333333333333,0.0,0.0,0.0,0.0,0.0,0.0,0.0,0.0
3542,2015-06-10,3,22.0,27,6,79.93333333333334,62.96666666666666,1005.35,983.6333333333332,10.0,10.6,17.76666666666667,27.33333333333333,91.93333333333334,58.7,0.03,0.0,0.0,1.0,0.0,0.0,1.0,0.0
4511,2015-07-24,5,22.0,18,7,76.16666666666667,59.2,1015.2,993.0666666666666,9.966666666666669,4.833333333333333,14.0,21.066666666666663,85.63333333333333,63.5,0.0,0.0,0.0,0.0,0.0,0.0,0.0,0.0
6408,2018-10-18,4,22.0,16,10,43.833333333333336,27.266666666666666,1032.0,1008.1666666666666,10.0,4.366666666666666,10.266666666666667,16.5,57.8,32.13333333333333,0.0,0.0,0.0,0.0,0.0,0.0,0.0,0.0
7766,2017-12-19,2,22.0,23,12,43.13333333333333,34.53333333333333,1012.65,989.6333333333332,9.633333333333333,10.666666666666666,15.9,23.33333333333333,50.73333333333333,37.56666666666667,0.01,0.0,0.0,0.0,0.0,0.0,0.0,0.0
3630,2015-06-14,7,22.0,25,6,74.63333333333334,68.43333333333334,1012.15,990.1,8.733333333333333,6.766666666666667,15.366666666666667,20.633333333333333,86.83333333333333,56.7,0.96,0.0,0.0,1.0,0.0,0.0,1.0,0.0
7239,2019-11-25,1,22.0,28,11,44.1,37.1,1002.75,986.1333333333332,10.0,7.1000000000000005,11.3,17.0,53.9,33.96666666666667,0.0,0.0,0.0,0.0,0.0,0.0,0.0,0.0
4849,2016-08-07,7,22.0,23,8,73.8,58.56666666666666,1016.0,993.7333333333332,10.0,4.133333333333334,9.633333333333333,,84.3,62.2,0.0,0.0,0.0,0.0,0.0,0.0,0.0,0.0
6226,2019-10-10,4,22.0,13,10,61.36666666666667,52.333333333333336,1017.45,994.7,9.866666666666667,5.833333333333333,11.0,18.55,70.36666666666666,51.2,0.0333333333333333,0.0,0.0,1.0,0.0,0.0,0.0,0.0
1449,2019-03-07,4,22.0,17,3,23.83333333333333,11.433333333333332,1027.6,3.1666666666666665,10.0,6.2,13.666666666666666,20.966666666666665,30.23333333333333,14.033333333333331,0.0,0.0,0.0,0.0,0.0,0.0,0.0,0.0
261,2015-01-12,1,22.0,18,1,25.133333333333336,19.433333333333334,1032.0500000000002,1004.5,6.766666666666667,8.433333333333332,16.733333333333334,24.6,32.53333333333333,18.6,0.1699999999999999,4.9,0.0,0.0,1.0,0.0,0.0,0.0
6942,2016-11-10,4,22.0,29,11,48.9,34.833333333333336,1020.2,997.1,10.0,9.433333333333334,20.0,28.366666666666664,63.06666666666666,39.63333333333333,0.0,0.0,0.0,0.0,0.0,0.0,0.0,0.0
6754,2019-11-03,7,22.0,29,11,38.93333333333333,28.933333333333334,1020.0,996.4333333333334,10.0,7.333333333333333,15.366666666666667,24.76666666666667,52.96666666666667,29.3,0.0,0.0,0.0,0.0,0.0,0.0,0.0,0.0
3168,2015-05-24,7,22.0,23,5,67.46666666666665,49.96666666666667,1019.9,997.5333333333332,9.766666666666666,5.066666666666667,11.333333333333334,20.0,80.96666666666667,47.96666666666667,0.005,0.0,0.0,1.0,0.0,0.0,0.0,0.0
6864,2019-11-08,5,22.0,20,11,24.03333333333333,8.733333333333333,1032.5500000000002,7.899999999999999,10.0,6.733333333333333,11.333333333333334,19.0,32.733333333333334,16.3,0.0,0.0,0.0,0.0,0.0,0.0,0.0,0.0
1208,2017-02-24,5,22.0,21,2,40.4,38.36666666666667,1002.15,978.1,6.066666666666666,8.5,17.033333333333335,24.666666666666668,44.13333333333333,37.73333333333333,0.2033333333333333,0.0,0.0,1.0,0.0,0.0,1.0,0.0
5082,2017-08-19,6,22.0,35,8,73.86666666666666,58.0,1012.5,990.3,10.0,4.7,9.266666666666667,,83.23333333333333,61.86666666666667,0.0,0.0,0.0,0.0,0.0,0.0,0.0,0.0
2242,2015-04-12,7,22.0,17,4,55.43333333333334,31.76666666666667,1019.75,996.9333333333334,10.0,8.066666666666666,16.3,20.966666666666665,69.33333333333333,36.3,0.0,0.0,0.0,0.0,0.0,0.0,0.0,0.0
1846,2017-03-25,6,22.0,22,3,42.96666666666667,40.36666666666667,1017.1,993.8,5.866666666666667,9.466666666666669,17.433333333333334,21.6,49.06666666666666,39.5,0.3433333333333333,0.0,0.0,1.0,0.0,0.0,1.0,0.0
3500,2018-06-08,5,22.0,31,6,63.96666666666666,55.86666666666667,1019.45,996.7333333333332,9.933333333333334,6.566666666666666,13.1,20.0,74.89999999999999,59.43333333333334,0.0833333333333333,0.0,0.0,1.0,0.0,0.0,1.0,0.0
1890,2017-03-27,1,22.0,26,3,50.0,47.73333333333333,1012.7,989.6333333333332,5.733333333333333,6.533333333333334,12.333333333333334,15.0,57.86666666666667,43.23333333333333,0.17,0.0,0.0,1.0,0.0,0.0,0.0,0.0
5506,2018-09-07,5,22.0,20,9,67.8,60.66666666666666,1023.35,1000.5666666666666,9.533333333333331,9.1,14.633333333333333,18.95,69.76666666666667,64.89999999999999,0.3899999999999999,0.0,0.0,1.0,0.0,0.0,0.0,0.0
6314,2017-10-14,6,22.0,20,10,64.33333333333333,60.333333333333336,1016.95,993.9333333333334,6.5,5.433333333333334,10.933333333333332,25.1,72.0,59.36666666666667,0.38,0.0,0.0,1.0,0.0,0.0,1.0,0.0
7749,2015-12-18,5,22.0,23,12,28.666666666666668,17.5,1015.2,991.3666666666668,10.0,10.633333333333333,20.666666666666668,27.633333333333336,34.300000000000004,25.366666666666664,0.0,0.0,0.0,0.0,0.0,0.0,0.0,0.0
703,2016-02-01,1,22.0,35,2,36.46666666666667,30.9,1014.45,991.0333333333332,8.966666666666667,5.066666666666666,12.366666666666667,20.5,46.96666666666667,29.03333333333333,0.0133333333333333,0.0,0.0,0.0,0.0,0.0,0.0,0.0
7459,2019-12-05,4,22.0,24,12,35.7,28.46666666666667,1015.2,991.5333333333332,9.766666666666667,4.933333333333334,10.3,16.5,45.5,25.866666666666664,0.0,0.0,0.0,0.0,0.0,0.0,0.0,0.0
4928,2017-08-12,6,22.0,19,8,68.56666666666668,56.76666666666667,1016.75,994.2333333333332,10.0,7.166666666666667,12.033333333333331,17.1,76.03333333333333,59.13333333333333,0.0,0.0,0.0,0.0,0.0,0.0,0.0,0.0
7992,2015-12-29,2,22.0,20,12,34.6,31.0,1009.25,984.1333333333332,8.200000000000001,12.166666666666666,19.7,25.933333333333334,40.7,31.2,1.7,1.2,0.0,1.0,1.0,0.0,0.0,0.0
5393,2015-09-02,3,22.0,24,9,80.16666666666667,69.10000000000001,1015.65,993.6666666666666,9.7,6.933333333333333,12.033333333333331,18.066666666666663,90.56666666666666,69.0,0.0,0.0,0.0,0.0,0.0,0.0,0.0,0.0
262,2018-01-12,5,22.0,25,1,24.633333333333336,19.066666666666663,1017.25,992.8666666666668,9.6,15.733333333333334,22.7,33.666666666666664,41.96666666666667,20.7,0.05,0.0,0.0,1.0,1.0,0.0,0.0,0.0
6722,2016-10-31,1,22.0,33,10,48.833333333333336,42.0,1020.35,997.4333333333334,10.0,6.2,11.633333333333333,15.45,58.63333333333333,40.53333333333333,0.0,0.0,0.0,0.0,0.0,0.0,0.0,0.0
3322,2015-05-31,7,22.0,15,5,47.76666666666667,41.766666666666666,1021.15,997.2333333333332,7.6,15.366666666666667,20.03333333333333,29.366666666666664,54.333333333333336,43.46666666666667,0.5766666666666667,0.0,0.0,1.0,0.0,0.0,0.0,0.0
1582,2015-03-13,5,22.0,26,3,47.73333333333333,30.866666666666664,1023.5,1000.2,10.0,5.7,10.266666666666667,15.0,63.16666666666666,28.566666666666663,0.0,0.0,0.0,0.0,0.0,0.0,0.0,0.0
724,2015-02-02,1,22.0,19,2,16.96666666666667,11.2,1019.65,993.1666666666666,5.066666666666666,12.366666666666667,19.7,27.96666666666667,32.06666666666667,8.6,0.3699999999999999,16.9,1.0,0.0,1.0,0.0,0.0,0.0
5377,2016-08-31,3,22.0,18,8,73.43333333333334,64.56666666666666,1017.05,994.5666666666666,10.0,7.5,16.400000000000002,22.666666666666668,80.3,69.2,0.0733333333333333,0.0,0.0,0.0,0.0,0.0,0.0,0.0
19,2015-01-01,4,22.0,37,1,20.766666666666666,6.866666666666667,1019.95,995.3666666666668,10.0,14.033333333333331,18.1,25.7,31.46666666666667,5.133333333333334,0.0,0.0,0.0,0.0,0.0,0.0,0.0,0.0
1740,2016-03-19,6,22.0,20,3,38.63333333333333,30.433333333333334,1021.3,997.5,10.0,6.666666666666667,11.0,,47.4,34.300000000000004,0.0,0.0,0.0,0.0,0.0,0.0,0.0,0.0
1252,2018-02-26,1,22.0,19,2,40.1,27.366666666666664,1021.9,998.5333333333332,10.0,7.566666666666666,16.0,23.0,53.6,27.166666666666668,0.0133333333333333,0.0,0.0,0.0,0.0,0.0,0.0,0.0
328,2016-01-15,5,22.0,11,1,40.2,35.23333333333333,998.2,975.1,9.033333333333331,11.366666666666667,17.033333333333335,23.7,44.1,30.166666666666668,0.0466666666666666,2.0,0.0,1.0,0.0,0.0,0.0,0.0
4579,2018-07-27,5,22.0,25,7,69.93333333333334,56.4,1015.5,993.1,10.0,6.966666666666666,12.633333333333333,17.033333333333335,78.7,61.13333333333333,0.0,0.0,0.0,0.0,0.0,0.0,0.0,0.0
1692,2015-03-18,3,22.0,26,3,36.6,14.366666666666664,1027.2,1003.3333333333334,10.0,3.233333333333333,8.933333333333334,,49.56666666666666,26.866666666666664,0.0,0.0,0.0,0.0,0.0,0.0,0.0,0.0
7641,2018-12-13,4,22.0,25,12,32.833333333333336,26.3,1017.6,993.6,7.5,4.3,9.966666666666669,15.0,43.8,23.5,0.0,0.0,0.0,1.0,0.0,0.0,0.0,0.0
2291,2016-04-13,3,22.0,29,4,42.96666666666667,27.133333333333336,1027.15,1003.3333333333334,10.0,6.1000000000000005,12.666666666666666,15.0,56.76666666666667,32.53333333333333,0.0,0.0,0.0,0.0,0.0,0.0,0.0,0.0
1384,2015-03-04,3,22.0,14,3,26.100000000000005,15.933333333333332,1017.25,992.4,10.0,10.066666666666668,14.7,22.33333333333333,35.4,18.966666666666665,0.0333333333333333,5.5,0.0,0.0,0.0,0.0,0.0,0.0
6854,2016-11-06,7,22.0,22,11,55.7,46.66666666666666,1026.85,1003.7666666666668,9.866666666666667,3.2,6.666666666666667,,68.89999999999999,43.63333333333333,0.0,0.0,0.0,0.0,0.0,0.0,0.0,0.0
195,2017-01-09,1,22.0,22,1,21.96666666666667,11.566666666666668,1028.4,1003.6333333333332,9.566666666666666,11.0,17.1,21.33333333333333,28.96666666666667,10.933333333333332,0.0,0.0,0.0,0.0,1.0,0.0,0.0,0.0
614,2018-01-28,7,22.0,21,1,34.86666666666667,27.83333333333333,1025.6,1001.8333333333334,9.8,5.066666666666666,11.633333333333333,,45.26666666666667,27.0,0.0,0.0,0.0,0.0,0.0,0.0,0.0,0.0
5940,2017-09-27,3,22.0,25,9,70.39999999999999,56.1,1016.8,994.2666666666668,10.0,8.766666666666666,13.7,18.4,86.23333333333333,63.5,0.0,0.0,0.0,0.0,0.0,0.0,0.0,0.0
4183,2018-07-09,1,22.0,31,7,78.13333333333334,61.6,1021.45,999.2666666666668,10.0,5.9,13.333333333333334,17.033333333333335,90.0,63.86666666666667,0.0,0.0,0.0,0.0,0.0,0.0,0.0,0.0
1823,2019-03-24,7,22.0,14,3,45.0,32.46666666666667,1020.8,997.4333333333334,9.8,3.0666666666666664,13.266666666666666,,52.06666666666666,35.63333333333333,0.0,0.0,0.0,1.0,0.0,0.0,0.0,0.0
1119,2019-02-20,3,22.0,23,2,31.366666666666664,26.53333333333333,1020.0,993.9666666666668,6.4,9.7,16.7,23.633333333333336,37.3,28.433333333333334,0.01,1.2,0.0,1.0,1.0,0.0,0.0,0.0
4187,2016-07-08,5,22.0,20,7,76.8,66.76666666666667,1008.75,986.7999999999998,7.1000000000000005,7.333333333333333,18.73333333333333,25.4,87.26666666666667,68.43333333333334,0.3899999999999999,0.0,1.0,1.0,0.0,0.0,0.0,0.0
7791,2019-12-20,5,22.0,26,12,29.633333333333336,24.46666666666667,1029.65,5.566666666666666,7.033333333333334,3.4333333333333336,8.266666666666667,,40.4,19.966666666666665,0.0,0.0,0.0,0.0,0.0,0.0,0.0,0.0
7206,2016-11-22,2,22.0,23,11,33.06666666666666,25.766666666666666,1026.55,1002.5,10.0,4.566666666666667,12.033333333333331,,39.5,25.5,0.0,0.0,0.0,0.0,0.0,0.0,0.0,0.0
7480,2017-12-06,3,22.0,19,12,31.066666666666663,14.666666666666666,1015.95,992.2666666666668,10.0,13.033333333333331,19.366666666666667,27.0,38.56666666666667,26.6,0.0,0.0,0.0,0.0,0.0,0.0,0.0,0.0
5189,2019-08-24,6,22.0,40,8,66.96666666666667,52.53333333333333,1023.6,334.1666666666667,10.0,6.8,13.333333333333334,18.666666666666668,74.53333333333335,58.23333333333333,0.0,0.0,0.0,0.0,0.0,0.0,0.0,0.0
3982,2015-06-30,2,22.0,33,6,69.06666666666666,61.3,1008.55,986.2,8.566666666666668,5.833333333333333,13.033333333333331,14.0,78.2,62.96666666666667,0.36,0.0,0.0,0.0,0.0,0.0,0.0,0.0
3891,2019-06-26,3,22.0,28,6,78.06666666666666,62.26666666666667,1014.7,992.6333333333332,10.0,4.833333333333333,12.7,20.0,88.96666666666665,66.23333333333333,0.0466666666666666,0.0,0.0,0.0,0.0,0.0,0.0,0.0
7436,2017-12-04,1,22.0,21,12,55.36666666666667,40.36666666666667,1010.5,987.9,10.0,14.966666666666669,25.4,34.63333333333333,64.26666666666667,47.9,0.0066666666666666,0.0,0.0,1.0,0.0,0.0,0.0,0.0
6534,2019-10-24,4,22.0,23,10,48.13333333333333,39.766666666666666,1021.75,998.9666666666666,10.0,5.633333333333333,14.0,21.95,58.26666666666667,41.36666666666667,0.015,0.0,0.0,1.0,0.0,0.0,0.0,0.0
527,2016-01-24,7,22.0,20,1,27.633333333333336,19.03333333333333,1017.1,993.1666666666666,9.633333333333333,7.366666666666667,13.666666666666666,19.03333333333333,35.833333333333336,23.0,0.0,0.0,0.0,0.0,0.0,0.0,0.0,0.0
5946,2018-09-27,4,22.0,31,9,57.6,43.5,1017.9,995.0,10.0,5.033333333333333,11.7,17.666666666666668,69.03333333333333,46.03333333333333,0.0,0.0,0.0,0.0,0.0,0.0,0.0,0.0
6759,2015-11-03,2,22.0,19,11,58.13333333333333,48.13333333333333,1017.85,995.1,9.933333333333334,5.566666666666666,11.333333333333334,,72.33333333333333,45.1,0.0,0.0,0.0,0.0,0.0,0.0,0.0,0.0
4425,2018-07-20,5,22.0,22,7,75.2,65.86666666666666,1005.5,983.2,9.566666666666666,10.9,16.933333333333334,23.33333333333333,83.66666666666667,68.43333333333334,0.0566666666666666,0.0,0.0,1.0,0.0,0.0,0.0,0.0
6105,2016-10-03,1,22.0,23,10,62.46666666666667,57.16666666666666,1018.75,995.9,9.866666666666667,2.966666666666667,7.0,,66.2,58.5,0.01,0.0,0.0,0.0,0.0,0.0,0.0,0.0
3099,2019-05-21,2,22.0,30,5,48.53333333333333,40.73333333333333,1019.6,996.3333333333334,9.733333333333334,8.533333333333333,18.633333333333333,27.0,54.63333333333333,44.73333333333333,0.0733333333333333,0.0,0.0,1.0,0.0,0.0,0.0,0.0
1450,2018-03-07,3,22.0,17,3,31.266666666666666,23.53333333333333,1013.2,988.2666666666668,8.6,10.5,16.400000000000002,22.03333333333333,37.46666666666667,26.133333333333336,0.0466666666666666,0.0,0.0,0.0,1.0,0.0,0.0,0.0
2835,2019-05-09,4,22.0,21,5,62.8,56.63333333333333,1006.9,983.8,7.8,10.133333333333333,18.066666666666663,27.03333333333333,71.10000000000001,50.833333333333336,0.5266666666666667,0.0,0.0,1.0,0.0,0.0,0.0,0.0
1736,2017-03-20,1,22.0,22,3,47.56666666666666,39.46666666666667,1017.35,993.8666666666668,9.2,8.700000000000001,16.400000000000002,23.366666666666664,54.0,37.76666666666667,0.3799999999999999,0.0,0.0,1.0,0.0,0.0,1.0,0.0
1406,2018-03-05,1,22.0,25,3,36.766666666666666,20.966666666666665,1021.85,997.8333333333334,10.0,13.566666666666668,20.03333333333333,28.366666666666664,43.7,32.666666666666664,0.0,0.0,0.0,0.0,1.0,0.0,0.0,0.0
7216,2017-11-24,5,22.0,24,11,42.833333333333336,31.266666666666666,1007.5,984.4666666666668,10.0,9.366666666666667,20.33333333333333,27.3,61.5,31.46666666666667,0.0,0.0,0.0,0.0,0.0,0.0,0.0,0.0
745,2019-02-03,7,22.0,19,2,41.266666666666666,40.0,1011.6,988.8333333333334,6.066666666666666,9.933333333333332,13.333333333333334,20.966666666666665,46.03333333333333,36.2,0.0,1.2,0.0,1.0,0.0,0.0,0.0,0.0
6149,2016-10-05,3,22.0,43,10,70.0,58.66666666666666,1013.55,991.2,10.0,9.266666666666667,15.366666666666667,22.3,80.96666666666665,61.93333333333334,0.0,0.0,0.0,0.0,0.0,0.0,0.0,0.0
7426,2016-12-02,5,22.0,34,12,38.06666666666667,31.2,1019.8,997.0,9.966666666666669,7.800000000000001,12.333333333333334,17.033333333333335,40.4,35.86666666666667,0.01,0.0,0.0,1.0,0.0,0.0,0.0,0.0
879,2016-02-09,2,22.0,18,2,20.366666666666664,13.166666666666666,1010.45,985.6666666666666,6.3,10.566666666666666,15.666666666666666,19.7,29.33333333333333,16.433333333333334,0.02,1.2,0.0,0.0,1.0,0.0,0.0,0.0
2066,2017-04-04,2,22.0,18,4,48.9,45.0,1002.8,979.0333333333332,7.666666666666667,8.133333333333333,12.333333333333334,17.95,56.333333333333336,45.9,0.22,0.0,0.0,1.0,0.0,0.0,0.0,0.0
6474,2018-10-21,7,22.0,22,10,37.63333333333333,20.8,1026.35,1002.4333333333334,10.0,7.833333333333333,16.333333333333332,22.366666666666664,50.36666666666667,27.4,0.0,0.0,0.0,0.0,0.0,0.0,0.0,0.0
6827,2018-11-06,2,22.0,22,11,47.833333333333336,42.96666666666667,1004.4,980.6333333333332,8.1,12.466666666666669,22.6,33.93333333333333,50.8,44.26666666666667,0.2799999999999999,0.0,0.0,1.0,0.0,0.0,0.0,0.0
4563,2016-07-25,1,22.0,23,7,78.7,65.66666666666667,1013.7,991.5,9.966666666666669,7.466666666666668,13.666666666666666,26.0,89.0,71.46666666666667,0.43,0.0,0.0,1.0,0.0,0.0,1.0,0.0
3453,2017-06-06,2,22.0,30,6,63.4,46.36666666666667,1015.75,992.9666666666668,10.0,10.866666666666667,17.333333333333332,24.666666666666668,73.5,54.2,0.0,0.0,0.0,0.0,0.0,0.0,0.0,0.0
196,2016-01-09,6,22.0,23,1,39.26666666666667,37.8,1008.7,985.4333333333334,3.333333333333333,5.7,9.966666666666669,,44.23333333333333,32.36666666666667,0.21,1.2,1.0,1.0,1.0,0.0,0.0,0.0
1824,2015-03-24,2,22.0,22,3,30.3,20.1,1025.0500000000002,1001.1333333333332,9.933333333333334,8.166666666666666,13.666666666666666,17.6,37.16666666666666,21.6,0.1733333333333333,2.95,0.0,0.0,0.0,0.0,0.0,0.0
305,2019-01-14,1,22.0,21,1,24.73333333333333,20.066666666666663,1028.85,4.5,9.266666666666666,5.5,10.666666666666666,17.1,30.23333333333333,18.066666666666663,0.0033333333333333,2.15,0.0,0.0,0.0,0.0,0.0,0.0
8064,2016-12-31,6,22.0,24,12,36.3,22.7,1005.25,982.0333333333332,10.0,13.7,19.366666666666667,28.666666666666668,41.53333333333333,28.46666666666667,0.0,0.0,0.0,0.0,0.0,0.0,0.0,0.0
5311,2016-08-28,7,22.0,24,8,76.83333333333333,70.63333333333334,1019.7,997.5666666666666,9.8,4.3,9.266666666666667,,82.86666666666667,69.96666666666667,0.17,0.0,0.0,0.0,0.0,0.0,0.0,0.0
1670,2015-03-17,2,22.0,30,3,43.8,26.166666666666668,1021.95,997.4333333333334,10.0,14.533333333333331,24.73333333333333,34.333333333333336,72.96666666666667,34.96666666666667,0.0,0.0,0.0,0.0,0.0,0.0,0.0,0.0
4995,2015-08-15,6,22.0,22,8,76.3,67.13333333333334,1018.5,996.4,9.433333333333334,5.6000000000000005,20.666666666666668,32.0,90.26666666666668,66.8,0.2166666666666666,0.0,0.0,1.0,0.0,0.0,1.0,0.0
2791,2019-05-07,2,22.0,37,5,46.63333333333333,42.13333333333333,1022.1,998.5666666666666,8.666666666666666,10.266666666666667,16.066666666666666,21.73333333333333,50.2,44.26666666666667,0.35,0.0,0.0,1.0,0.0,0.0,0.0,0.0
4532,2017-07-25,2,22.0,27,7,71.03333333333333,57.66666666666666,1020.55,997.9,10.0,6.1000000000000005,12.3,15.0,81.16666666666667,61.76666666666667,0.0,0.0,0.0,0.0,0.0,0.0,0.0,0.0
922,2017-02-11,6,22.0,13,2,41.2,34.13333333333333,1010.2,986.8333333333334,9.5,5.2,9.966666666666669,,51.2,34.800000000000004,0.0,0.0,0.0,0.0,0.0,0.0,0.0,0.0
6358,2017-10-16,1,22.0,27,10,51.63333333333333,40.333333333333336,1024.9,1001.5666666666666,10.0,7.033333333333334,12.666666666666666,18.1,64.36666666666666,42.03333333333333,0.17,0.0,0.0,0.0,0.0,0.0,0.0,0.0
3916,2015-06-27,6,22.0,33,6,64.7,53.53333333333333,1014.7,991.8666666666668,9.133333333333333,8.200000000000001,13.333333333333334,19.5,75.43333333333334,57.8,0.4199999999999999,0.0,0.0,1.0,0.0,0.0,0.0,0.0
2577,2016-04-26,2,22.0,25,4,54.03333333333333,45.66666666666666,1008.6,985.7333333333332,7.633333333333333,11.166666666666666,17.033333333333335,23.0,80.73333333333333,43.0,0.03,0.0,0.0,1.0,0.0,0.0,1.0,0.0
4111,2019-07-06,6,22.0,26,7,78.43333333333334,70.03333333333333,1014.55,992.4333333333334,9.633333333333336,6.766666666666667,15.966666666666669,24.03333333333333,89.60000000000001,71.0,0.235,0.0,0.0,0.0,0.0,0.0,0.0,0.0
4981,2016-08-13,6,22.0,30,8,77.39999999999999,71.89999999999999,1008.3,985.9666666666668,8.200000000000001,7.033333333333334,15.3,21.7,83.93333333333334,73.93333333333334,1.3833333333333335,0.0,0.0,1.0,0.0,0.0,1.0,0.0
4227,2018-07-11,3,22.0,24,7,76.96666666666667,58.1,1019.15,996.8333333333334,10.0,5.333333333333333,10.666666666666666,,86.06666666666666,67.33333333333333,0.0,0.0,0.0,0.0,0.0,0.0,0.0,0.0
6997,2019-11-14,4,22.0,22,11,27.8,20.73333333333333,1022.5,998.3333333333334,9.333333333333334,5.599999999999999,11.4,16.3,31.7,20.366666666666667,0.005,2.0,0.0,0.0,1.0,0.0,0.0,0.0
4805,2016-08-05,5,22.0,31,8,78.5,68.03333333333335,1010.8,988.9666666666668,10.0,5.833333333333333,11.966666666666669,18.666666666666668,88.26666666666667,72.36666666666666,0.01,0.0,0.0,1.0,0.0,0.0,0.0,0.0
7267,2018-11-26,1,22.0,16,11,31.433333333333334,27.8,1008.45,984.1666666666666,4.833333333333333,18.03333333333333,27.73333333333333,38.96666666666667,39.13333333333333,26.866666666666664,0.7833333333333333,3.95,1.0,1.0,1.0,0.0,0.0,0.0
6871,2018-11-08,4,22.0,24,11,35.43333333333334,24.3,1027.75,1003.7,10.0,5.466666666666666,13.0,18.33333333333333,40.7,32.9,0.0,0.0,0.0,0.0,0.0,0.0,0.0,0.0
4739,2016-08-02,2,22.0,23,8,77.5,65.36666666666667,1017.6,995.3,10.0,4.3,10.666666666666666,,87.16666666666667,68.03333333333335,0.0,0.0,0.0,0.0,0.0,0.0,0.0,0.0
1894,2016-03-26,6,22.0,18,3,41.03333333333333,32.06666666666667,1020.9,997.3,9.733333333333333,5.933333333333334,11.966666666666669,15.9,55.1,32.0,0.0,0.0,0.0,0.0,0.0,0.0,0.0,0.0
6732,2019-11-02,6,22.0,20,11,38.93333333333333,32.03333333333333,1020.4,996.7333333333332,9.0,9.666666666666666,17.033333333333335,27.73333333333333,44.8,31.666666666666668,0.0033333333333333,2.0,0.0,1.0,0.0,0.0,0.0,0.0
6627,2015-10-28,3,22.0,28,10,53.16666666666666,50.36666666666667,1001.95,978.4666666666668,5.733333333333333,11.833333333333334,20.03333333333333,31.266666666666666,57.3,45.86666666666667,0.4866666666666666,0.0,0.0,1.0,0.0,0.0,0.0,0.0
6380,2017-10-17,2,22.0,20,10,55.833333333333336,40.4,1022.15,999.2666666666668,10.0,8.766666666666667,17.76666666666667,24.433333333333337,70.43333333333334,44.96666666666667,0.0,0.0,0.0,0.0,0.0,0.0,0.0,0.0
1054,2018-02-17,6,22.0,23,2,24.066666666666663,16.599999999999998,1022.1,997.0,9.1,5.6000000000000005,13.033333333333331,18.95,36.333333333333336,14.633333333333336,0.0133333333333333,2.0,1.0,0.0,1.0,0.0,0.0,0.0
5532,2016-09-07,3,22.0,22,9,82.89999999999999,72.96666666666667,1014.45,992.6333333333332,9.9,8.6,16.3,24.3,91.73333333333332,75.56666666666666,0.0,0.0,0.0,0.0,0.0,0.0,1.0,0.0
415,2019-01-19,6,22.0,18,1,27.166666666666668,23.9,1018.65,994.1,4.966666666666667,14.933333333333332,22.666666666666668,32.7,30.8,23.83333333333333,0.145,5.5,0.0,0.0,1.0,0.0,0.0,0.0
4925,2019-08-12,1,22.0,32,8,76.23333333333333,70.2,1011.45,992.6,8.9,3.0,10.633333333333333,20.0,83.16666666666667,70.26666666666667,0.0,0.0,0.0,1.0,0.0,0.0,0.0,0.0
7946,2019-12-27,5,22.0,18,12,38.23333333333333,33.0,1021.8,998.2,9.166666666666666,7.666666666666667,13.333333333333334,19.7,57.36666666666667,31.3,0.0,0.0,0.0,0.0,0.0,0.0,0.0,0.0
1559,2019-03-12,2,22.0,18,3,34.86666666666667,24.166666666666668,1027.7,3.7,9.6,5.166666666666667,12.666666666666666,20.666666666666668,48.53333333333333,23.566666666666663,0.0,0.0,0.0,0.0,0.0,0.0,0.0,0.0
1583,2018-03-13,2,22.0,29,3,31.633333333333336,21.8,1021.5,997.6666666666666,8.9,7.666666666666667,16.0,22.33333333333333,40.86666666666667,27.33333333333333,0.0,1.6,1.0,0.0,1.0,0.0,0.0,0.0
3055,2019-05-19,7,22.0,26,5,65.8,59.1,1003.45,981.1666666666666,9.233333333333334,10.966666666666669,24.366666666666664,36.56666666666666,77.43333333333334,53.93333333333333,0.4366666666666667,0.0,0.0,1.0,0.0,0.0,1.0,0.0
3481,2016-06-06,1,22.0,21,6,71.76666666666667,53.6,1004.05,981.9666666666668,9.5,9.5,20.33333333333333,29.633333333333336,83.10000000000001,58.833333333333336,0.0933333333333333,0.0,0.0,1.0,0.0,0.0,0.0,0.0
1054,2015-02-17,2,22.0,26,2,16.53333333333333,6.733333333333333,1015.75,991.2333333333332,8.766666666666666,8.5,14.966666666666669,20.0,20.933333333333334,5.966666666666666,0.0,4.1,0.0,0.0,1.0,0.0,0.0,0.0
1383,2019-03-04,1,22.0,25,3,6.633333333333333,-5.866666666666667,1024.4499999999998,332.7333333333333,9.9,12.133333333333333,18.066666666666663,25.633333333333336,20.566666666666663,-2.2,0.0,0.0,0.0,0.0,0.0,0.0,0.0,0.0
4947,2019-08-13,2,22.0,18,8,75.33333333333333,69.89999999999999,1009.1,987.0333333333332,6.633333333333333,4.266666666666667,10.0,18.0,84.3,70.06666666666666,0.52,0.0,0.0,1.0,0.0,0.0,1.0,0.0
4871,2016-08-08,1,22.0,24,8,77.06666666666666,60.96666666666667,1016.5,994.1333333333332,10.0,8.299999999999999,12.366666666666667,18.0,84.36666666666667,71.89999999999999,0.0,0.0,0.0,0.0,0.0,0.0,0.0,0.0
5148,2017-08-22,2,22.0,17,8,74.93333333333334,64.4,1011.75,989.6333333333332,9.733333333333333,10.833333333333334,17.433333333333334,29.03333333333333,82.89999999999999,70.36666666666666,0.3866666666666666,0.0,0.0,1.0,0.0,0.0,1.0,0.0
1626,2017-03-15,3,22.0,12,3,23.33333333333333,8.233333333333333,1028.8000000000002,1004.2,10.0,10.033333333333331,14.966666666666669,25.0,32.6,16.233333333333334,0.0166666666666666,2.55,0.0,0.0,0.0,0.0,0.0,0.0
1630,2016-03-14,1,22.0,12,3,47.13333333333333,44.8,1005.5,982.3666666666668,5.533333333333334,4.2,7.966666666666666,,53.5,43.76666666666667,0.5366666666666666,0.0,0.0,1.0,0.0,0.0,0.0,0.0
5676,2017-09-15,5,22.0,28,9,72.83333333333333,60.73333333333333,1014.55,992.3333333333334,10.0,6.7,12.333333333333334,16.7,87.03333333333335,60.36666666666667,0.0,0.0,0.0,0.0,0.0,0.0,0.0,0.0
6348,2016-10-14,5,22.0,20,10,51.0,41.0,1024.65,1001.2666666666668,9.733333333333333,4.566666666666666,12.0,17.45,66.73333333333333,39.13333333333333,0.0,0.0,0.0,0.0,0.0,0.0,0.0,0.0
725,2016-02-02,2,22.0,16,2,35.53333333333333,31.5,1017.5,990.8,5.666666666666667,8.366666666666667,21.066666666666663,28.33333333333333,42.16666666666666,31.4,0.2066666666666666,0.0,0.0,1.0,0.0,0.0,1.0,0.0
3388,2018-06-03,7,22.0,22,6,66.93333333333334,55.06666666666666,1010.65,988.0666666666666,9.133333333333333,9.7,20.33333333333333,27.96666666666667,79.23333333333333,56.8,0.425,0.0,0.0,1.0,0.0,0.0,1.0,0.0
3781,2019-06-21,5,22.0,22,6,61.93333333333334,49.79999999999999,1014.4,991.6333333333332,9.8,4.266666666666667,11.7,14.0,71.56666666666666,50.8,0.0166666666666666,0.0,0.0,1.0,0.0,0.0,0.0,0.0
7536,2016-12-07,3,22.0,27,12,27.566666666666663,19.466666666666665,1018.0,993.7,10.0,12.633333333333333,17.366666666666667,24.366666666666664,35.5,25.53333333333333,0.0,2.0,0.0,0.0,0.0,0.0,0.0,0.0
3547,2016-06-09,4,22.0,29,6,61.9,50.63333333333333,1015.7,992.9666666666668,9.933333333333334,5.5,10.266666666666667,19.0,72.5,53.3,0.0,0.0,0.0,1.0,0.0,0.0,0.0,0.0
3034,2017-05-18,4,22.0,20,5,74.93333333333334,59.9,1005.25,983.2333333333332,9.633333333333333,17.3,27.0,38.96666666666667,82.73333333333333,63.96666666666667,0.34,0.0,0.0,1.0,0.0,0.0,1.0,0.0
2307,2019-04-15,1,22.0,25,4,38.73333333333333,29.9,1015.55,990.0666666666666,8.4,6.9,12.0,20.33333333333333,52.96666666666667,31.133333333333336,0.45,1.6,0.0,0.0,1.0,0.0,0.0,0.0
944,2015-02-12,4,22.0,17,2,17.599999999999998,5.2,1026.65,1001.6,9.533333333333331,13.266666666666666,19.7,27.666666666666668,36.5,10.033333333333331,0.0,4.1,0.0,0.0,1.0,0.0,0.0,0.0
5616,2018-09-12,3,22.0,29,9,68.89999999999999,56.46666666666667,1020.95,998.4333333333334,10.0,4.5,9.266666666666667,14.0,81.0,56.46666666666667,0.0,0.0,0.0,0.0,0.0,0.0,0.0,0.0
2154,2015-04-08,3,22.0,27,4,46.16666666666666,43.16666666666666,1014.75,991.4333333333334,3.5333333333333337,8.0,15.033333333333331,20.33333333333333,52.833333333333336,38.93333333333333,0.02,0.0,1.0,1.0,0.0,0.0,0.0,0.0
6634,2016-10-27,4,22.0,25,10,48.4,43.53333333333333,1021.35,996.6,7.266666666666667,6.933333333333334,13.333333333333334,17.6,51.93333333333334,44.0,0.7966666666666667,0.0,0.0,1.0,0.0,0.0,0.0,0.0
4091,2017-07-05,3,22.0,27,7,76.43333333333334,61.1,1018.3,996.0,9.033333333333331,5.2,11.0,,86.96666666666665,67.16666666666667,0.0,0.0,0.0,0.0,0.0,0.0,0.0,0.0
261,2017-01-12,4,22.0,20,1,28.5,26.133333333333336,1016.8,990.7666666666668,5.133333333333334,9.966666666666669,16.7,21.3,44.36666666666667,22.866666666666664,0.37,0.0,0.0,1.0,1.0,0.0,0.0,0.0
1912,2017-03-28,2,22.0,20,3,42.36666666666667,37.333333333333336,1018.3,994.5666666666666,9.733333333333334,8.966666666666667,13.3,22.666666666666668,47.6,39.56666666666666,0.0,0.0,0.0,0.0,0.0,0.0,0.0,0.0
1208,2018-02-24,6,22.0,21,2,37.13333333333333,32.56666666666667,1021.65,995.9,9.2,7.766666666666667,14.7,17.6,43.6,34.0,0.0033333333333333,0.0,0.0,1.0,0.0,0.0,0.0,0.0
3036,2018-05-18,5,22.0,26,5,56.4,46.73333333333333,1017.3,994.2,9.966666666666669,8.1,12.3,17.1,68.0,50.93333333333334,0.0,0.0,0.0,1.0,0.0,0.0,0.0,0.0
6512,2017-10-23,1,22.0,23,10,52.73333333333333,51.03333333333333,1010.9,988.3666666666668,7.766666666666667,7.533333333333334,12.033333333333331,18.05,54.3,51.1,1.1966666666666663,0.0,0.0,1.0,0.0,0.0,0.0,0.0
2527,2019-04-25,4,22.0,35,4,56.8,39.03333333333333,1008.8,986.0,9.933333333333334,2.8666666666666667,8.9,,65.83333333333333,44.76666666666667,0.0,0.0,0.0,0.0,0.0,0.0,0.0,0.0
2882,2018-05-11,5,22.0,24,5,53.53333333333333,45.66666666666666,1016.2,992.8666666666668,9.933333333333334,10.433333333333334,16.066666666666666,22.03333333333333,66.53333333333333,47.1,0.0533333333333333,0.0,0.0,1.0,0.0,0.0,0.0,0.0
1802,2017-03-23,4,22.0,18,3,36.333333333333336,22.133333333333336,1029.45,1005.2333333333332,10.0,8.933333333333332,16.0,22.03333333333333,50.06666666666666,28.73333333333333,0.0,0.0,0.0,0.0,0.0,0.0,0.0,0.0
3166,2017-05-24,3,22.0,17,5,56.26666666666667,52.96666666666667,1002.45,979.5666666666666,7.666666666666667,8.466666666666667,16.366666666666667,20.666666666666668,60.63333333333333,52.66666666666666,0.4333333333333333,0.0,0.0,1.0,0.0,0.0,0.0,0.0
2200,2018-04-10,2,22.0,18,4,35.56666666666667,25.23333333333333,1024.85,1000.9,8.5,5.0,12.666666666666666,17.433333333333334,46.0,26.633333333333336,0.0233333333333333,1.2,0.0,0.0,0.0,0.0,0.0,0.0
2967,2019-05-15,3,22.0,23,5,62.0,43.86666666666667,1014.25,991.5666666666666,9.966666666666669,2.8000000000000003,8.033333333333333,,74.83333333333333,46.4,0.0,0.0,0.0,0.0,0.0,0.0,0.0,0.0
2529,2015-04-25,6,22.0,23,4,44.63333333333333,37.66666666666666,1010.35,986.7333333333332,8.533333333333333,11.6,17.3,24.3,59.46666666666667,30.5,0.2299999999999999,0.0,0.0,1.0,0.0,0.0,0.0,0.0
195,2015-01-09,5,22.0,26,1,9.466666666666669,0.6666666666666666,1022.0,996.3,7.1000000000000005,15.466666666666669,23.73333333333333,34.0,18.966666666666665,-7.733333333333333,0.055,3.5,0.0,0.0,1.0,0.0,0.0,0.0
416,2017-01-19,4,22.0,27,1,35.7,33.63333333333333,1016.25,992.7666666666668,4.633333333333334,6.033333333333334,11.633333333333333,16.55,41.73333333333333,31.33333333333333,0.0033333333333333,0.0,0.0,1.0,0.0,0.0,0.0,0.0
5730,2016-09-16,5,22.0,29,9,72.06666666666666,61.23333333333333,1015.9,993.5666666666666,10.0,9.3,17.433333333333334,25.666666666666668,83.10000000000001,62.6,0.0,0.0,0.0,0.0,0.0,0.0,0.0,0.0
3613,2016-06-12,7,22.0,25,6,72.03333333333335,50.9,1018.1,995.6,10.0,9.766666666666667,16.3,24.066666666666663,90.23333333333332,63.06666666666667,0.0,0.0,0.0,0.0,0.0,0.0,0.0,0.0
7265,2015-11-26,4,22.0,22,11,53.3,46.03333333333333,1023.0,1000.0333333333332,9.0,14.133333333333333,19.3,27.3,61.46666666666667,44.6,0.17,3.9,0.0,1.0,0.0,0.0,0.0,0.0
922,2018-02-11,7,22.0,13,2,21.633333333333336,17.23333333333333,1018.8,993.3333333333334,5.900000000000001,7.266666666666667,12.033333333333331,17.1,24.266666666666666,17.400000000000002,0.2299999999999999,12.4,1.0,0.0,1.0,0.0,0.0,0.0
5719,2019-09-17,2,22.0,25,9,69.46666666666665,64.46666666666667,1020.25,997.7333333333332,7.5,4.866666666666667,8.6,,78.8,64.63333333333334,0.0,0.0,0.0,0.0,0.0,0.0,0.0,0.0
4541,2016-07-24,7,22.0,20,7,79.03333333333335,72.36666666666666,1011.85,990.1666666666666,9.3,10.3,21.03333333333333,31.03333333333333,91.86666666666667,70.46666666666665,1.4533333333333334,0.0,0.0,1.0,0.0,0.0,1.0,0.0
1230,2017-02-25,6,22.0,13,2,30.33333333333333,22.8,1008.4,983.6,9.1,12.7,19.666666666666668,27.0,42.56666666666667,23.066666666666663,0.0233333333333333,0.0,0.0,1.0,1.0,0.0,0.0,0.0
1847,2018-03-25,7,22.0,27,3,34.266666666666666,17.400000000000002,1027.2,1002.9333333333334,10.0,11.666666666666666,16.333333333333332,23.366666666666664,41.73333333333333,26.6,0.0,0.0,0.0,0.0,0.0,0.0,0.0,0.0
3988,2016-06-29,3,22.0,21,6,66.56666666666666,49.03333333333333,1019.6,996.9333333333334,9.966666666666669,5.766666666666667,10.3,17.1,78.63333333333333,54.96666666666667,0.0,0.0,0.0,0.0,0.0,0.0,0.0,0.0
1934,2015-03-29,7,22.0,15,3,32.46666666666667,18.7,1019.9,996.1333333333332,9.7,11.966666666666669,23.633333333333336,29.666666666666668,47.46666666666667,20.266666666666666,0.0066666666666666,0.0,0.0,1.0,0.0,0.0,0.0,0.0
2330,2017-04-16,7,22.0,16,4,67.5,54.1,1011.95,989.5666666666666,9.666666666666666,12.033333333333331,20.03333333333333,30.33333333333333,78.8,59.06666666666666,0.3433333333333333,0.0,0.0,1.0,0.0,0.0,1.0,0.0
108,2018-01-05,5,22.0,24,1,4.466666666666666,-5.233333333333333,1030.1,1004.7,10.0,8.200000000000001,14.7,15.9,11.7,-2.5333333333333337,0.0,1.6,0.0,0.0,0.0,0.0,0.0,0.0
